1.946473733057e+00 9.588816553471e-01 -7.081189117872e-01
2.043642577243e+00 1.022231958938e+00 -7.106515897530e-01
2.090247674853e+00 1.051416362318e+00 -7.215008514979e-01
2.106559875599e+00 1.062573435035e+00 -7.318788098778e-01
2.109174160788e+00 1.066844692445e+00 -7.393769186602e-01
2.105995664129e+00 1.068908797115e+00 -7.440817551087e-01
2.100754539162e+00 1.070662711523e+00 -7.467753927880e-01
2.095121659225e+00 1.072856830269e+00 -7.482983455986e-01
2.089676333850e+00 1.075816132915e+00 -7.493306539615e-01
2.084380760866e+00 1.079640249074e+00 -7.502392967269e-01
2.079065184770e+00 1.084045391488e+00 -7.509565069425e-01
2.073910945191e+00 1.088401900338e+00 -7.512162313816e-01
2.069328915076e+00 1.092253705193e+00 -7.509930879189e-01
2.065534157145e+00 1.095584108788e+00 -7.505327693510e-01
2.062456903721e+00 1.098628945552e+00 -7.501172547181e-01
2.059884698166e+00 1.101652574109e+00 -7.499259809756e-01
2.057599642784e+00 1.104843370091e+00 -7.500258420053e-01
2.055451868960e+00 1.108282753417e+00 -7.504098355958e-01
2.053372555658e+00 1.111947669083e+00 -7.510297299607e-01
2.051339763173e+00 1.115748454908e+00 -7.518104736862e-01
2.049334513868e+00 1.119591749736e+00 -7.526629075812e-01
2.047324426397e+00 1.123424670316e+00 -7.535034923023e-01
2.045273848510e+00 1.127237458474e+00 -7.542705569636e-01
2.043158471679e+00 1.131042516900e+00 -7.549290390545e-01
2.040971806112e+00 1.134854320609e+00 -7.554667152495e-01
2.038723179293e+00 1.138680216308e+00 -7.558877573850e-01
2.036431223021e+00 1.142520475422e+00 -7.562065313998e-01
2.034116748819e+00 1.146372151037e+00 -7.564421228844e-01
2.031797564539e+00 1.150232426178e+00 -7.566136922576e-01
1.908007440271e+00 1.098316185135e+00 -7.564954702470e-01
1.856655337373e+00 1.064830278337e+00 -7.446252052526e-01
1.838599671014e+00 1.053100310700e+00 -7.335298034197e-01
1.834164159356e+00 1.052004491538e+00 -7.261341327935e-01
1.834758801770e+00 1.055694982575e+00 -7.222378909677e-01
1.836645604746e+00 1.061278255541e+00 -7.208265024218e-01
1.838244386281e+00 1.067384234590e+00 -7.208507253546e-01
1.838884102633e+00 1.073501646180e+00 -7.214436175584e-01
1.838261181107e+00 1.079762207990e+00 -7.220036875196e-01
1.836512756341e+00 1.086623903429e+00 -7.224021284901e-01
1.834457682579e+00 1.093880034508e+00 -7.230032879717e-01
1.832859470414e+00 1.100526570644e+00 -7.240208836007e-01
1.831760626870e+00 1.105956700762e+00 -7.252240921385e-01
1.830827777934e+00 1.110291377860e+00 -7.262763887805e-01
1.829758718243e+00 1.113961174096e+00 -7.269704825823e-01
1.828392775839e+00 1.117379888486e+00 -7.272418515470e-01
1.826685804177e+00 1.120820671030e+00 -7.271079643079e-01
1.824672138586e+00 1.124395406865e+00 -7.266183825078e-01
1.822440605107e+00 1.128089640671e+00 -7.258407426280e-01
1.820104349227e+00 1.131836862333e+00 -7.248622057640e-01
1.817760971681e+00 1.135587668205e+00 -7.237767467964e-01
1.815468237774e+00 1.139332547694e+00 -7.226621336426e-01
1.813246086532e+00 1.143086701978e+00 -7.215664775231e-01
1.811091733628e+00 1.146867485930e+00 -7.205090905468e-01
1.808993351139e+00 1.150681824272e+00 -7.194882901308e-01
1.806937391156e+00 1.154525084962e+00 -7.184896269387e-01
1.804911182959e+00 1.158386157705e+00 -7.174924812869e-01
1.802903743305e+00 1.162253199536e+00 -7.164751774217e-01
1.800906391217e+00 1.166117047874e+00 -7.154187995541e-01
1.798913327290e+00 1.169972023400e+00 -7.143095432856e-01
1.796921829109e+00 1.173815244554e+00 -7.131395177489e-01
1.794931882561e+00 1.177645607213e+00 -7.119062393386e-01
1.792945378349e+00 1.181463010045e+00 -7.106112935584e-01
1.790965163260e+00 1.185267897075e+00 -7.092586860925e-01
1.788994214652e+00 1.189060979878e+00 -7.078533069530e-01
1.787035086585e+00 1.192843019357e+00 -7.063997679048e-01
1.785089648378e+00 1.196614634893e+00 -7.049017056476e-01
1.783159054222e+00 1.200376164980e+00 -7.033615143304e-01
1.781243854680e+00 1.204127606784e+00 -7.017803990428e-01
1.779344170161e+00 1.207868636540e+00 -7.001586217724e-01
1.777459870252e+00 1.211598687487e+00 -6.984958252265e-01
1.775590726509e+00 1.215317051705e+00 -6.967913495830e-01
1.773736524087e+00 1.219022976475e+00 -6.950444899397e-01
1.771897129593e+00 1.222715737380e+00 -6.932546711651e-01
1.770072520012e+00 1.226394682112e+00 -6.914215390759e-01
1.768262781865e+00 1.230059247297e+00 -6.895449815059e-01
1.766468091353e+00 1.233708954830e+00 -6.876251002108e-01
1.764688685726e+00 1.237343395405e+00 -6.856621558577e-01
1.762924834040e+00 1.240962206276e+00 -6.836565053189e-01
1.761176812689e+00 1.244565048823e+00 -6.816085451011e-01
1.759444888290e+00 1.248151589701e+00 -6.795186687482e-01
1.757729308246e+00 1.251721487566e+00 -6.773872407766e-01
1.756030297832e+00 1.255274385848e+00 -6.752145858394e-01
1.754348061898e+00 1.258809910843e+00 -6.730009895799e-01
1.752682789187e+00 1.262327673749e+00 -6.707467068373e-01
1.751034657549e+00 1.265827274995e+00 -6.684519731238e-01
1.749403838801e+00 1.269308309375e+00 -6.661170161821e-01
1.747790502508e+00 1.272770370826e+00 -6.637420655613e-01
1.746194818425e+00 1.276213056142e+00 -6.613273592326e-01
1.744616957655e+00 1.279635967346e+00 -6.588731471382e-01
1.743057092790e+00 1.283038712758e+00 -6.563796921415e-01
1.741515397378e+00 1.286420907008e+00 -6.538472691351e-01
1.739992045056e+00 1.289782170369e+00 -6.512761631177e-01
1.738487208624e+00 1.293122127741e+00 -6.486666669406e-01
1.737001059235e+00 1.296440407599e+00 -6.460190792325e-01
1.735533765799e+00 1.299736641103e+00 -6.433337027976e-01
1.734085494630e+00 1.303010461470e+00 -6.406108435928e-01
1.732656409300e+00 1.306261503650e+00 -6.378508102496e-01
1.731246670646e+00 1.309489404254e+00 -6.350539140242e-01
1.729856436869e+00 1.312693801678e+00 -6.322204690233e-01
1.728485863680e+00 1.315874336337e+00 -6.293507925619e-01
1.727135104429e+00 1.319030650944e+00 -6.264452055360e-01
1.725804310215e+00 1.322162390768e+00 -6.235040327323e-01
1.724493629953e+00 1.325269203854e+00 -6.205276030383e-01
1.723203210397e+00 1.328350741168e+00 -6.175162495431e-01
1.721933196134e+00 1.331406656695e+00 -6.144703095452e-01
1.720683729557e+00 1.334436607479e+00 -6.113901244923e-01
1.719454950826e+00 1.337440253630e+00 -6.082760398811e-01
1.718246997819e+00 1.340417258316e+00 -6.051284051425e-01
1.717060006097e+00 1.343367287753e+00 -6.019475735304e-01
1.715894108869e+00 1.346290011197e+00 -5.987339020259e-01
1.714749436962e+00 1.349185100953e+00 -5.954877512605e-01
1.713626118806e+00 1.352052232392e+00 -5.922094854578e-01
1.712524280418e+00 1.354891083980e+00 -5.888994723905e-01
1.711444045392e+00 1.357701337322e+00 -5.855580833472e-01
1.710385534886e+00 1.360482677199e+00 -5.821856931034e-01
1.709348867618e+00 1.363234791621e+00 -5.787826798934e-01
1.708334159854e+00 1.365957371865e+00 -5.753494253804e-01
1.707341525399e+00 1.368650112522e+00 -5.718863146221e-01
1.706371075583e+00 1.371312711534e+00 -5.683937360331e-01
1.705422919253e+00 1.373944870233e+00 -5.648720813429e-01
1.704497162756e+00 1.376546293372e+00 -5.613217455515e-01
1.703593909930e+00 1.379116689160e+00 -5.577431268833e-01
1.702713262091e+00 1.381655769288e+00 -5.541366267398e-01
1.701855318018e+00 1.384163248966e+00 -5.505026496522e-01
1.701020173946e+00 1.386638846946e+00 -5.468416032339e-01
1.700207923551e+00 1.389082285559e+00 -5.431538981338e-01
1.699418657940e+00 1.391493290739e+00 -5.394399479892e-01
1.698652465643e+00 1.393871592056e+00 -5.357001693794e-01
1.697909432599e+00 1.396216922750e+00 -5.319349817794e-01
1.697189642152e+00 1.398529019755e+00 -5.281448075128e-01
1.696493175036e+00 1.400807623732e+00 -5.243300717055e-01
1.695820109371e+00 1.403052479101e+00 -5.204912022378e-01
1.695170520652e+00 1.405263334063e+00 -5.166286296972e-01
1.694544481739e+00 1.407439940637e+00 -5.127427873300e-01
1.693942062852e+00 1.409582054682e+00 -5.088341109930e-01
1.693363331562e+00 1.411689435926e+00 -5.049030391044e-01
1.692808352782e+00 1.413761847994e+00 -5.009500125948e-01
1.692277188762e+00 1.415799058432e+00 -4.969754748574e-01
1.691769899081e+00 1.417800838736e+00 -4.929798716981e-01
1.691286540638e+00 1.419766964376e+00 -4.889636512861e-01
1.690827167650e+00 1.421697214821e+00 -4.849272641026e-01
1.690391831642e+00 1.423591373562e+00 -4.808711628912e-01
1.689980581445e+00 1.425449228142e+00 -4.767958026064e-01
1.689593463186e+00 1.427270570173e+00 -4.727016403631e-01
1.689230520287e+00 1.429055195363e+00 -4.685891353847e-01
1.688891793457e+00 1.430802903539e+00 -4.644587489524e-01
1.688577320690e+00 1.432513498669e+00 -4.603109443528e-01
1.688287137259e+00 1.434186788882e+00 -4.561461868265e-01
1.688021275712e+00 1.435822586494e+00 -4.519649435154e-01
1.687779765870e+00 1.437420708024e+00 -4.477676834105e-01
1.687562634822e+00 1.438980974217e+00 -4.435548772996e-01
1.687369906922e+00 1.440503210067e+00 -4.393269977141e-01
1.687201603789e+00 1.441987244831e+00 -4.350845188760e-01
1.687057744298e+00 1.443432912051e+00 -4.308279166450e-01
1.686938344588e+00 1.444840049574e+00 -4.265576684650e-01
1.686843418050e+00 1.446208499566e+00 -4.222742533103e-01
1.686772975331e+00 1.447538108536e+00 -4.179781516322e-01
1.686727024333e+00 1.448828727347e+00 -4.136698453051e-01
1.686705570211e+00 1.450080211236e+00 -4.093498175720e-01
1.686708615370e+00 1.451292419830e+00 -4.050185529911e-01
1.686736159469e+00 1.452465217161e+00 -4.006765373807e-01
1.686788199418e+00 1.453598471682e+00 -3.963242577649e-01
1.686864729381e+00 1.454692056280e+00 -3.919622023194e-01
1.686965740773e+00 1.455745848294e+00 -3.875908603160e-01
1.687091222264e+00 1.456759729523e+00 -3.832107220684e-01
1.687241159780e+00 1.457733586246e+00 -3.788222788771e-01
1.687415536502e+00 1.458667309229e+00 -3.744260229736e-01
1.687614332873e+00 1.459560793742e+00 -3.700224474661e-01
1.687837526593e+00 1.460413939565e+00 -3.656120462838e-01
1.688085092628e+00 1.461226651006e+00 -3.611953141215e-01
1.688357003209e+00 1.461998836905e+00 -3.567727463840e-01
1.688653227839e+00 1.462730410652e+00 -3.523448391306e-01
1.688973733289e+00 1.463421290187e+00 -3.479120890198e-01
1.689318483612e+00 1.464071398019e+00 -3.434749932531e-01
1.689687440137e+00 1.464680661228e+00 -3.390340495192e-01
1.690080561481e+00 1.465249011475e+00 -3.345897559389e-01
1.690497803549e+00 1.465776385012e+00 -3.301426110084e-01
1.690939119540e+00 1.466262722684e+00 -3.256931135439e-01
1.691404459955e+00 1.466707969943e+00 -3.212417626254e-01
1.691893772598e+00 1.467112076845e+00 -3.167890575407e-01
1.692407002585e+00 1.467474998066e+00 -3.123354977295e-01
1.692944092350e+00 1.467796692896e+00 -3.078815827275e-01
1.693504981649e+00 1.468077125254e+00 -3.034278121103e-01
1.694089607570e+00 1.468316263684e+00 -2.989746854371e-01
1.694697904539e+00 1.468514081364e+00 -2.945227021949e-01
1.695329804325e+00 1.468670556105e+00 -2.900723617426e-01
1.695985236052e+00 1.468785670356e+00 -2.856241632548e-01
1.696664126201e+00 1.468859411204e+00 -2.811786056656e-01
1.697366398625e+00 1.468891770380e+00 -2.767361876133e-01
1.698091974555e+00 1.468882744253e+00 -2.722974073837e-01
1.698840772603e+00 1.468832333836e+00 -2.678627628547e-01
1.699612708783e+00 1.468740544783e+00 -2.634327514405e-01
1.700407696508e+00 1.468607387390e+00 -2.590078700352e-01
1.701225646610e+00 1.468432876592e+00 -2.545886149578e-01
1.702066467341e+00 1.468217031963e+00 -2.501754818960e-01
1.702930064391e+00 1.467959877714e+00 -2.457689658510e-01
1.703816340895e+00 1.467661442689e+00 -2.413695610819e-01
1.704725197442e+00 1.467321760361e+00 -2.369777610498e-01
1.705656532091e+00 1.466940868831e+00 -2.325940583633e-01
1.706610240377e+00 1.466518810823e+00 -2.282189447223e-01
1.707586215328e+00 1.466055633675e+00 -2.238529108637e-01
1.708584347472e+00 1.465551389342e+00 -2.194964465055e-01
1.709604524854e+00 1.465006134382e+00 -2.151500402928e-01
1.710646633046e+00 1.464419929953e+00 -2.108141797421e-01
1.711710555158e+00 1.463792841808e+00 -2.064893511874e-01
1.712796171855e+00 1.463124940283e+00 -2.021760397250e-01
1.713903361369e+00 1.462416300295e+00 -1.978747291598e-01
1.715031999511e+00 1.461667001329e+00 -1.935859019501e-01
1.716181959687e+00 1.460877127429e+00 -1.893100391544e-01
1.717353112911e+00 1.460046767193e+00 -1.850476203768e-01
1.718545327820e+00 1.459176013759e+00 -1.807991237134e-01
1.719758470689e+00 1.458264964793e+00 -1.765650256991e-01
1.720992405445e+00 1.457313722486e+00 -1.723458012532e-01
1.722246993683e+00 1.456322393534e+00 -1.681419236272e-01
1.723522094681e+00 1.455291089129e+00 -1.639538643511e-01
1.724817565418e+00 1.454219924948e+00 -1.597820931803e-01
1.726133260586e+00 1.453109021138e+00 -1.556270780437e-01
1.727469032610e+00 1.451958502306e+00 -1.514892849905e-01
1.728824731662e+00 1.450768497499e+00 -1.473691781383e-01
1.730200205679e+00 1.449539140194e+00 -1.432672196206e-01
1.731595300381e+00 1.448270568284e+00 -1.391838695357e-01
1.733009859286e+00 1.446962924058e+00 -1.351195858945e-01
1.734443723730e+00 1.445616354188e+00 -1.310748245693e-01
1.735896732883e+00 1.444231009714e+00 -1.270500392425e-01
1.737368723766e+00 1.442807046023e+00 -1.230456813563e-01
1.738859531275e+00 1.441344622835e+00 -1.190622000612e-01
1.740368988190e+00 1.439843904182e+00 -1.151000421664e-01
1.741896925204e+00 1.438305058395e+00 -1.111596520892e-01
1.743443170935e+00 1.436728258078e+00 -1.072414718052e-01
1.745007551947e+00 1.435113680094e+00 -1.033459407991e-01
1.746589892771e+00 1.433461505542e+00 -9.947349601494e-02
1.748190015922e+00 1.431771919741e+00 -9.562457180730e-02
1.749807741923e+00 1.430045112202e+00 -9.179959989260e-02
1.751442889320e+00 1.428281276614e+00 -8.799900930064e-02
1.753095274706e+00 1.426480610818e+00 -8.422322632643e-02
1.754764712740e+00 1.424643316788e+00 -8.047267448246e-02
1.756451016169e+00 1.422769600603e+00 -7.674777445120e-02
1.758153995849e+00 1.420859672431e+00 -7.304894403781e-02
1.759873460763e+00 1.418913746499e+00 -6.937659812334e-02
1.761609218047e+00 1.416932041073e+00 -6.573114861821e-02
1.763361073009e+00 1.414914778432e+00 -6.211300441604e-02
1.765128829152e+00 1.412862184842e+00 -5.852257134767e-02
1.766912288193e+00 1.410774490535e+00 -5.496025213568e-02
1.768711250091e+00 1.408651929678e+00 -5.142644634932e-02
1.770525513065e+00 1.406494740348e+00 -4.792155035961e-02
1.772354873615e+00 1.404303164507e+00 -4.444595729481e-02
1.774199126552e+00 1.402077447975e+00 -4.100005699647e-02
1.776058065014e+00 1.399817840401e+00 -3.758423597568e-02
1.777931480492e+00 1.397524595234e+00 -3.419887736962e-02
1.779819162854e+00 1.395197969696e+00 -3.084436089863e-02
1.781720900366e+00 1.392838224757e+00 -2.752106282364e-02
1.783636479720e+00 1.390445625096e+00 -2.422935590392e-02
1.785565686054e+00 1.388020439082e+00 -2.096960935536e-02
1.787508302977e+00 1.385562938735e+00 -1.774218880900e-02
1.789464112595e+00 1.383073399704e+00 -1.454745626999e-02
1.791432895533e+00 1.380552101229e+00 -1.138577007701e-02
1.793414430962e+00 1.377999326111e+00 -8.257484862115e-03
1.795408496622e+00 1.375415360685e+00 -5.162951510887e-03
1.797414868848e+00 1.372800494781e+00 -2.102517123137e-03
1.799433322594e+00 1.370155021698e+00 9.234750260628e-04
1.801463631459e+00 1.367479238166e+00 3.914685524872e-03
1.803505567713e+00 1.364773444317e+00 6.870778862735e-03
1.805558902321e+00 1.362037943645e+00 9.791423468050e-03
1.807623404970e+00 1.359273042981e+00 1.267629174543e-02
1.809698844093e+00 1.356479052451e+00 1.552506011216e-02
1.811784986898e+00 1.353656285444e+00 1.833740903481e-02
1.813881599393e+00 1.350805058576e+00 2.111302306492e-02
1.815988446409e+00 1.347925691658e+00 2.385159087445e-02
1.818105291631e+00 1.345018507654e+00 2.655280529058e-02
1.820231897621e+00 1.342083832651e+00 2.921636333038e-02
1.822368025849e+00 1.339121995817e+00 3.184196623458e-02
1.824513436714e+00 1.336133329368e+00 3.442931950120e-02
1.826667889576e+00 1.333118168530e+00 3.697813291849e-02
1.828831142779e+00 1.330076851500e+00 3.948812059761e-02
1.831002953680e+00 1.327009719408e+00 4.195900100460e-02
1.833183078678e+00 1.323917116280e+00 4.439049699196e-02
1.835371273238e+00 1.320799389001e+00 4.678233582982e-02
1.837567291919e+00 1.317656887270e+00 4.913424923640e-02
1.839770888405e+00 1.314489963569e+00 5.144597340826e-02
1.841981815528e+00 1.311298973117e+00 5.371724904974e-02
1.844199825299e+00 1.308084273833e+00 5.594782140215e-02
1.846424668932e+00 1.304846226295e+00 5.813744027232e-02
1.848656096878e+00 1.301585193700e+00 6.028586006056e-02
1.850893858848e+00 1.298301541824e+00 6.239283978836e-02
1.853137703841e+00 1.294995638978e+00 6.445814312531e-02
1.855387380176e+00 1.291667855972e+00 6.648153841576e-02
1.857642635516e+00 1.288318566067e+00 6.846279870458e-02
1.859903216901e+00 1.284948144938e+00 7.040170176280e-02
1.862168870770e+00 1.281556970631e+00 7.229803011238e-02
1.864439342996e+00 1.278145423517e+00 7.415157105076e-02
1.866714378911e+00 1.274713886254e+00 7.596211667465e-02
1.868993723332e+00 1.271262743743e+00 7.772946390337e-02
1.871277120598e+00 1.267792383083e+00 7.945341450156e-02
1.873564314588e+00 1.264303193527e+00 8.113377510147e-02
1.875855048760e+00 1.260795566444e+00 8.277035722466e-02
1.878149066173e+00 1.257269895266e+00 8.436297730308e-02
1.880446109515e+00 1.253726575454e+00 8.591145669975e-02
1.882745921139e+00 1.250166004445e+00 8.741562172875e-02
1.885048243085e+00 1.246588581612e+00 8.887530367473e-02
1.887352817112e+00 1.242994708218e+00 9.029033881186e-02
1.889659384726e+00 1.239384787373e+00 9.166056842196e-02
1.891967687210e+00 1.235759223984e+00 9.298583881254e-02
1.894277465652e+00 1.232118424715e+00 9.426600133410e-02
1.896588460975e+00 1.228462797938e+00 9.550091239660e-02
1.898900413966e+00 1.224792753687e+00 9.669043348562e-02
1.901213065301e+00 1.221108703615e+00 9.783443117799e-02
1.903526155583e+00 1.217411060946e+00 9.893277715662e-02
1.905839425362e+00 1.213700240426e+00 9.998534822503e-02
1.908152615169e+00 1.209976658282e+00 1.009920263210e-01
1.910465465544e+00 1.206240732172e+00 1.019526985302e-01
1.912777717065e+00 1.202492881137e+00 1.028672570982e-01
1.915089110377e+00 1.198733525556e+00 1.037355994432e-01
1.917399386223e+00 1.194963087100e+00 1.045576281672e-01
1.919708285467e+00 1.191181988682e+00 1.053332510668e-01
1.922015549133e+00 1.187390654410e+00 1.060623811441e-01
1.924320918424e+00 1.183589509541e+00 1.067449366157e-01
1.926624134757e+00 1.179778980432e+00 1.073808409226e-01
1.928924939792e+00 1.175959494494e+00 1.079700227381e-01
1.931223075457e+00 1.172131480140e+00 1.085124159764e-01
1.933518283982e+00 1.168295366742e+00 1.090079597998e-01
1.935810307921e+00 1.164451584579e+00 1.094565986254e-01
1.938098890191e+00 1.160600564790e+00 1.098582821313e-01
1.940383774091e+00 1.156742739328e+00 1.102129652626e-01
1.942664703335e+00 1.152878540907e+00 1.105206082361e-01
