1.187563056224e-03
2.066834290444e-03
2.130029524293e-03
2.154000463716e-03
2.160151495768e-03
2.158889141293e-03
2.155111128121e-03
2.151029137060e-03
2.147502203127e-03
2.144603420877e-03
2.141993190757e-03
2.139450761756e-03
2.137114730472e-03
2.135221351638e-03
2.133876641449e-03
2.133048062468e-03
2.132638261375e-03
2.132545242399e-03
2.132681344681e-03
2.132963247016e-03
2.133306320106e-03
2.133636479552e-03
2.133904053189e-03
2.134086986441e-03
2.134185284090e-03
2.134212885376e-03
2.134190376273e-03
2.134139360536e-03
2.134078573981e-03
1.245296593619e-03
1.178364440133e-03
1.154167766519e-03
1.148438272181e-03
1.150257709255e-03
1.154613148530e-03
1.159215401112e-03
1.163060239695e-03
1.165849932677e-03
1.167929191195e-03
1.169981002806e-03
1.172190421672e-03
1.174234187877e-03
1.175822070766e-03
1.176877950448e-03
1.177467114719e-03
1.177697997821e-03
1.177669000519e-03
1.177463140537e-03
1.177160540024e-03
1.176837363374e-03
1.176552570095e-03
1.176339622026e-03
1.176208232962e-03
1.176151192092e-03
1.176151618614e-03
1.176189014465e-03
1.176243841003e-03
1.176300481932e-03
1.176348559299e-03
1.176382870608e-03
1.176402435787e-03
1.176409153861e-03
1.176406449515e-03
1.176398143952e-03
1.176387660092e-03
1.176377577827e-03
1.176369491155e-03
1.176364084720e-03
1.176361338933e-03
1.176360783051e-03
1.176361735984e-03
1.176363497981e-03
1.176365477708e-03
1.176367255754e-03
1.176368596089e-03
1.176369421890e-03
1.176369772482e-03
1.176369755450e-03
1.176369503913e-03
1.176369144469e-03
1.176368777605e-03
1.176368469538e-03
1.176368252868e-03
1.176368132817e-03
1.176368096009e-03
1.176368119360e-03
1.176368177520e-03
1.176368248067e-03
1.176368314366e-03
1.176368366406e-03
1.176368400197e-03
1.176368416330e-03
1.176368418255e-03
1.176368410670e-03
1.176368398261e-03
1.176368384895e-03
1.176368373234e-03
1.176368364702e-03
1.176368359674e-03
1.176368357783e-03
1.176368358247e-03
1.176368360150e-03
1.176368362651e-03
1.176368365104e-03
1.176368367098e-03
1.176368368450e-03
1.176368369151e-03
1.176368369311e-03
1.176368369094e-03
1.176368368670e-03
1.176368368188e-03
1.176368367752e-03
1.176368367421e-03
1.176368367217e-03
1.176368367129e-03
1.176368367131e-03
1.176368367193e-03
1.176368367281e-03
1.176368367371e-03
1.176368367448e-03
1.176368367501e-03
1.176368367532e-03
1.176368367541e-03
1.176368367536e-03
1.176368367523e-03
1.176368367506e-03
1.176368367491e-03
1.176368367480e-03
1.176368367471e-03
1.176368367468e-03
1.176368367469e-03
1.176368367471e-03
1.176368367475e-03
1.176368367480e-03
1.176368367483e-03
1.176368367486e-03
1.176368367489e-03
1.176368367490e-03
1.176368367491e-03
1.176368367492e-03
1.176368367492e-03
1.176368367493e-03
1.176368367494e-03
1.176368367495e-03
1.176368367496e-03
1.176368367497e-03
1.176368367498e-03
1.176368367500e-03
1.176368367501e-03
1.176368367503e-03
1.176368367504e-03
1.176368367506e-03
1.176368367507e-03
1.176368367509e-03
1.176368367511e-03
1.176368367512e-03
1.176368367514e-03
1.176368367516e-03
1.176368367517e-03
1.176368367519e-03
1.176368367521e-03
1.176368367523e-03
1.176368367525e-03
1.176368367527e-03
1.176368367529e-03
1.176368367531e-03
1.176368367533e-03
1.176368367535e-03
1.176368367537e-03
1.176368367539e-03
1.176368367541e-03
1.176368367543e-03
1.176368367546e-03
1.176368367548e-03
1.176368367550e-03
1.176368367552e-03
1.176368367555e-03
1.176368367557e-03
1.176368367560e-03
1.176368367562e-03
1.176368367565e-03
1.176368367567e-03
1.176368367570e-03
1.176368367573e-03
1.176368367576e-03
1.176368367578e-03
1.176368367581e-03
1.176368367584e-03
1.176368367587e-03
1.176368367590e-03
1.176368367593e-03
1.176368367595e-03
1.176368367598e-03
1.176368367601e-03
1.176368367605e-03
1.176368367608e-03
1.176368367611e-03
1.176368367614e-03
1.176368367618e-03
1.176368367620e-03
1.176368367623e-03
1.176368367627e-03
1.176368367630e-03
1.176368367633e-03
1.176368367637e-03
1.176368367640e-03
1.176368367644e-03
1.176368367647e-03
1.176368367651e-03
1.176368367654e-03
1.176368367658e-03
1.176368367661e-03
1.176368367665e-03
1.176368367669e-03
1.176368367672e-03
1.176368367676e-03
1.176368367680e-03
1.176368367684e-03
1.176368367687e-03
1.176368367691e-03
1.176368367695e-03
1.176368367699e-03
1.176368367703e-03
1.176368367706e-03
1.176368367710e-03
1.176368367714e-03
1.176368367718e-03
1.176368367722e-03
1.176368367726e-03
1.176368367730e-03
1.176368367734e-03
1.176368367738e-03
1.176368367742e-03
1.176368367747e-03
1.176368367751e-03
1.176368367755e-03
1.176368367759e-03
1.176368367763e-03
1.176368367767e-03
1.176368367771e-03
1.176368367776e-03
1.176368367780e-03
1.176368367784e-03
1.176368367788e-03
1.176368367792e-03
1.176368367797e-03
1.176368367801e-03
1.176368367805e-03
1.176368367809e-03
1.176368367813e-03
1.176368367817e-03
1.176368367822e-03
1.176368367826e-03
1.176368367830e-03
1.176368367834e-03
1.176368367839e-03
1.176368367843e-03
1.176368367847e-03
1.176368367851e-03
1.176368367855e-03
1.176368367859e-03
1.176368367864e-03
1.176368367868e-03
1.176368367872e-03
1.176368367876e-03
1.176368367880e-03
1.176368367884e-03
1.176368367888e-03
1.176368367892e-03
1.176368367896e-03
1.176368367900e-03
1.176368367904e-03
1.176368367908e-03
1.176368367912e-03
1.176368367916e-03
1.176368367921e-03
1.176368367924e-03
1.176368367928e-03
1.176368367932e-03
1.176368367936e-03
1.176368367940e-03
1.176368367944e-03
1.176368367947e-03
1.176368367951e-03
1.176368367955e-03
1.176368367958e-03
1.176368367962e-03
1.176368367966e-03
1.176368367969e-03
1.176368367973e-03
1.176368367976e-03
1.176368367980e-03
1.176368367983e-03
1.176368367987e-03
1.176368367990e-03
1.176368367994e-03
1.176368367997e-03
1.176368368000e-03
1.176368368003e-03
1.176368368007e-03
1.176368368009e-03
1.176368368013e-03
1.176368368016e-03
1.176368368019e-03
1.176368368022e-03
1.176368368025e-03
1.176368368027e-03
1.176368368030e-03
1.176368368033e-03
1.176368368036e-03
1.176368368039e-03
1.176368368041e-03
1.176368368044e-03
1.176368368046e-03
1.176368368049e-03
1.176368368051e-03
1.176368368054e-03
1.176368368056e-03
1.176368368058e-03
1.176368368060e-03
1.176368368062e-03
1.176368368064e-03
1.176368368067e-03
1.176368368068e-03
