-3.541572e+06 6.134184e+06 0.000000e+00
-3.532332e+06 6.139060e+06 7.428522e+04
-3.522696e+06 6.143247e+06 1.485621e+05
-3.512665e+06 6.146745e+06 2.228223e+05
-3.502240e+06 6.149554e+06 2.970576e+05
-3.491421e+06 6.151673e+06 3.712595e+05
-3.480212e+06 6.153103e+06 4.454197e+05
-3.468611e+06 6.153842e+06 5.195301e+05
-3.456622e+06 6.153890e+06 5.935821e+05
-3.444245e+06 6.153249e+06 6.675675e+05
-3.431482e+06 6.151917e+06 7.414781e+05
-3.418334e+06 6.149895e+06 8.153055e+05
-3.404802e+06 6.147184e+06 8.890415e+05
-3.390889e+06 6.143783e+06 9.626777e+05
-3.376595e+06 6.139693e+06 1.036206e+06
-3.361922e+06 6.134914e+06 1.109618e+06
-3.346873e+06 6.129447e+06 1.182906e+06
-3.331448e+06 6.123292e+06 1.256061e+06
-3.315649e+06 6.116451e+06 1.329075e+06
-3.299478e+06 6.108924e+06 1.401939e+06
-3.282938e+06 6.100711e+06 1.474647e+06
-3.266029e+06 6.091814e+06 1.547189e+06
-3.248754e+06 6.082234e+06 1.619558e+06
-3.231114e+06 6.071972e+06 1.691745e+06
-3.213112e+06 6.061029e+06 1.763743e+06
-3.194749e+06 6.049405e+06 1.835542e+06
-3.176028e+06 6.037104e+06 1.907136e+06
-3.156951e+06 6.024125e+06 1.978515e+06
-3.137520e+06 6.010470e+06 2.049673e+06
-3.117737e+06 5.996141e+06 2.120601e+06
-3.097604e+06 5.981140e+06 2.191291e+06
-3.077124e+06 5.965468e+06 2.261735e+06
-3.056299e+06 5.949126e+06 2.331926e+06
-3.035131e+06 5.932118e+06 2.401855e+06
-3.013622e+06 5.914444e+06 2.471514e+06
-2.991775e+06 5.896106e+06 2.540897e+06
-2.969593e+06 5.877107e+06 2.609994e+06
-2.947078e+06 5.857449e+06 2.678799e+06
-2.924232e+06 5.837135e+06 2.747303e+06
-2.901058e+06 5.816165e+06 2.815499e+06
-2.877559e+06 5.794543e+06 2.883379e+06
-2.853737e+06 5.772271e+06 2.950936e+06
-2.829595e+06 5.749351e+06 3.018161e+06
-2.805135e+06 5.725787e+06 3.085049e+06
-2.780361e+06 5.701580e+06 3.151590e+06
-2.755275e+06 5.676734e+06 3.217777e+06
-2.729880e+06 5.651251e+06 3.283604e+06
-2.704179e+06 5.625135e+06 3.349063e+06
-2.678174e+06 5.598387e+06 3.414146e+06
-2.651869e+06 5.571011e+06 3.478845e+06
-2.625267e+06 5.543011e+06 3.543155e+06
-2.598370e+06 5.514389e+06 3.607067e+06
-2.571181e+06 5.485148e+06 3.670575e+06
-2.543705e+06 5.455292e+06 3.733671e+06
-2.515943e+06 5.424824e+06 3.796348e+06
-2.487898e+06 5.393748e+06 3.858599e+06
-2.459575e+06 5.362067e+06 3.920418e+06
-2.430976e+06 5.329784e+06 3.981797e+06
-2.402104e+06 5.296903e+06 4.042729e+06
-2.372963e+06 5.263428e+06 4.103208e+06
-2.343555e+06 5.229363e+06 4.163226e+06
-2.313885e+06 5.194712e+06 4.222778e+06
-2.283955e+06 5.159477e+06 4.281855e+06
-2.253769e+06 5.123664e+06 4.340453e+06
-2.223330e+06 5.087277e+06 4.398564e+06
-2.192642e+06 5.050318e+06 4.456181e+06
-2.161708e+06 5.012793e+06 4.513299e+06
-2.130531e+06 4.974706e+06 4.569910e+06
-2.099116e+06 4.936061e+06 4.626009e+06
-2.067465e+06 4.896862e+06 4.681589e+06
-2.035582e+06 4.857114e+06 4.736643e+06
-2.003470e+06 4.816822e+06 4.791167e+06
-1.971134e+06 4.775989e+06 4.845153e+06
-1.938577e+06 4.734620e+06 4.898595e+06
-1.905803e+06 4.692720e+06 4.951488e+06
-1.872815e+06 4.650294e+06 5.003826e+06
-1.839616e+06 4.607346e+06 5.055603e+06
-1.806212e+06 4.563881e+06 5.106812e+06
-1.772604e+06 4.519905e+06 5.157449e+06
-1.738798e+06 4.475421e+06 5.207507e+06
-1.704797e+06 4.430436e+06 5.256981e+06
-1.670605e+06 4.384954e+06 5.305865e+06
-1.636225e+06 4.338979e+06 5.354154e+06
-1.601662e+06 4.292518e+06 5.401843e+06
-1.566919e+06 4.245576e+06 5.448926e+06
-1.532000e+06 4.198157e+06 5.495397e+06
-1.496910e+06 4.150268e+06 5.541253e+06
-1.461651e+06 4.101913e+06 5.586486e+06
-1.426229e+06 4.053098e+06 5.631093e+06
-1.390646e+06 4.003828e+06 5.675069e+06
-1.354908e+06 3.954109e+06 5.718408e+06
-1.319018e+06 3.903947e+06 5.761105e+06
-1.282980e+06 3.853347e+06 5.803157e+06
-1.246797e+06 3.802314e+06 5.844557e+06
-1.210475e+06 3.750855e+06 5.885302e+06
-1.174018e+06 3.698976e+06 5.925386e+06
-1.137428e+06 3.646681e+06 5.964806e+06
-1.100711e+06 3.593978e+06 6.003558e+06
-1.063871e+06 3.540871e+06 6.041635e+06
-1.026911e+06 3.487367e+06 6.079035e+06
-9.898358e+05 3.433472e+06 6.115753e+06
-9.526498e+05 3.379192e+06 6.151785e+06
-9.153569e+05 3.324533e+06 6.187127e+06
-8.779614e+05 3.269501e+06 6.221776e+06
-8.404673e+05 3.214102e+06 6.255726e+06
-8.028790e+05 3.158343e+06 6.288974e+06
-7.652007e+05 3.102229e+06 6.321518e+06
-7.274365e+05 3.045768e+06 6.353352e+06
-6.895907e+05 2.988965e+06 6.384473e+06
-6.516676e+05 2.931826e+06 6.414879e+06
-6.136713e+05 2.874359e+06 6.444565e+06
-5.756063e+05 2.816569e+06 6.473528e+06
-5.374767e+05 2.758464e+06 6.501764e+06
-4.992867e+05 2.700049e+06 6.529272e+06
-4.610408e+05 2.641331e+06 6.556047e+06
-4.227432e+05 2.582317e+06 6.582087e+06
-3.843982e+05 2.523013e+06 6.607389e+06
-3.460100e+05 2.463426e+06 6.631949e+06
-3.075830e+05 2.403563e+06 6.655766e+06
-2.691216e+05 2.343431e+06 6.678836e+06
-2.306299e+05 2.283035e+06 6.701157e+06
-1.921124e+05 2.222384e+06 6.722726e+06
-1.535733e+05 2.161483e+06 6.743541e+06
-1.150170e+05 2.100339e+06 6.763600e+06
-7.644782e+04 2.038960e+06 6.782900e+06
-3.787005e+04 1.977353e+06 6.801440e+06
7.119746e+02 1.915524e+06 6.819216e+06
3.929392e+04 1.853479e+06 6.836228e+06
7.787145e+04 1.791227e+06 6.852473e+06
1.164402e+05 1.728774e+06 6.867949e+06
1.549960e+05 1.666127e+06 6.882655e+06
1.935343e+05 1.603293e+06 6.896589e+06
2.320510e+05 1.540280e+06 6.909749e+06
2.705416e+05 1.477093e+06 6.922134e+06
3.090019e+05 1.413741e+06 6.933743e+06
3.474275e+05 1.350231e+06 6.944574e+06
3.858141e+05 1.286568e+06 6.954627e+06
4.241575e+05 1.222762e+06 6.963899e+06
4.624533e+05 1.158818e+06 6.972390e+06
5.006972e+05 1.094745e+06 6.980099e+06
5.388850e+05 1.030548e+06 6.987025e+06
5.770123e+05 9.662365e+05 6.993167e+06
6.150749e+05 9.018162e+05 6.998525e+06
6.530685e+05 8.372947e+05 7.003098e+06
6.909888e+05 7.726793e+05 7.006885e+06
7.288317e+05 7.079772e+05 7.009887e+06
7.665928e+05 6.431957e+05 7.012102e+06
8.042679e+05 5.783421e+05 7.013531e+06
8.418528e+05 5.134236e+05 7.014173e+06
8.793433e+05 4.484475e+05 7.014028e+06
9.167351e+05 3.834212e+05 7.013097e+06
9.540241e+05 3.183518e+05 7.011379e+06
9.912062e+05 2.532467e+05 7.008874e+06
1.028277e+06 1.881132e+05 7.005584e+06
1.065232e+06 1.229586e+05 7.001507e+06
1.102068e+06 5.779019e+04 6.996646e+06
1.138781e+06 -7.384680e+03 6.990999e+06
1.175366e+06 -7.255873e+04 6.984568e+06
1.211818e+06 -1.377246e+05 6.977354e+06
1.248135e+06 -2.028751e+05 6.969357e+06
1.284312e+06 -2.680028e+05 6.960579e+06
1.320345e+06 -3.331004e+05 6.951020e+06
1.356230e+06 -3.981607e+05 6.940681e+06
1.391962e+06 -4.631763e+05 6.929564e+06
1.427539e+06 -5.281400e+05 6.917669e+06
1.462955e+06 -5.930444e+05 6.904998e+06
1.498208e+06 -6.578823e+05 6.891553e+06
1.533292e+06 -7.226465e+05 6.877335e+06
1.568204e+06 -7.873295e+05 6.862346e+06
1.602940e+06 -8.519243e+05 6.846587e+06
1.637497e+06 -9.164235e+05 6.830060e+06
1.671870e+06 -9.808199e+05 6.812766e+06
1.706055e+06 -1.045106e+06 6.794709e+06
1.740049e+06 -1.109275e+06 6.775890e+06
1.773848e+06 -1.173320e+06 6.756310e+06
1.807448e+06 -1.237233e+06 6.735973e+06
1.840845e+06 -1.301008e+06 6.714880e+06
1.874036e+06 -1.364636e+06 6.693034e+06
1.907016e+06 -1.428111e+06 6.670437e+06
1.939783e+06 -1.491427e+06 6.647092e+06
1.972332e+06 -1.554575e+06 6.623001e+06
2.004660e+06 -1.617548e+06 6.598168e+06
2.036762e+06 -1.680340e+06 6.572595e+06
2.068637e+06 -1.742944e+06 6.546284e+06
2.100279e+06 -1.805352e+06 6.519239e+06
2.131686e+06 -1.867558e+06 6.491463e+06
2.162854e+06 -1.929554e+06 6.462958e+06
2.193779e+06 -1.991333e+06 6.433729e+06
2.224458e+06 -2.052890e+06 6.403778e+06
2.254888e+06 -2.114216e+06 6.373109e+06
2.285064e+06 -2.175305e+06 6.341725e+06
2.314985e+06 -2.236150e+06 6.309629e+06
2.344645e+06 -2.296744e+06 6.276826e+06
2.374043e+06 -2.357080e+06 6.243319e+06
2.403174e+06 -2.417153e+06 6.209112e+06
2.432036e+06 -2.476954e+06 6.174208e+06
2.460625e+06 -2.536477e+06 6.138612e+06
2.488938e+06 -2.595715e+06 6.102327e+06
2.516972e+06 -2.654663e+06 6.065357e+06
2.544724e+06 -2.713313e+06 6.027708e+06
2.572190e+06 -2.771658e+06 5.989382e+06
2.599368e+06 -2.829693e+06 5.950384e+06
2.626254e+06 -2.887410e+06 5.910719e+06
2.652845e+06 -2.944803e+06 5.870391e+06
2.679139e+06 -3.001866e+06 5.829404e+06
2.705132e+06 -3.058592e+06 5.787764e+06
2.730822e+06 -3.114976e+06 5.745475e+06
2.756206e+06 -3.171009e+06 5.702541e+06
2.781281e+06 -3.226688e+06 5.658967e+06
2.806043e+06 -3.282004e+06 5.614759e+06
2.830491e+06 -3.336952e+06 5.569921e+06
2.854622e+06 -3.391526e+06 5.524458e+06
2.878432e+06 -3.445719e+06 5.478375e+06
2.901919e+06 -3.499526e+06 5.431678e+06
2.925081e+06 -3.552940e+06 5.384372e+06
2.947915e+06 -3.605956e+06 5.336462e+06
2.970418e+06 -3.658568e+06 5.287953e+06
2.992588e+06 -3.710769e+06 5.238851e+06
3.014422e+06 -3.762553e+06 5.189161e+06
3.035918e+06 -3.813916e+06 5.138890e+06
3.057073e+06 -3.864851e+06 5.088042e+06
3.077886e+06 -3.915353e+06 5.036623e+06
3.098354e+06 -3.965415e+06 4.984640e+06
3.118474e+06 -4.015033e+06 4.932097e+06
3.138244e+06 -4.064200e+06 4.879001e+06
3.157662e+06 -4.112911e+06 4.825358e+06
3.176726e+06 -4.161161e+06 4.771173e+06
3.195433e+06 -4.208944e+06 4.716454e+06
3.213783e+06 -4.256255e+06 4.661205e+06
3.231771e+06 -4.303089e+06 4.605434e+06
3.249398e+06 -4.349440e+06 4.549146e+06
3.266659e+06 -4.395304e+06 4.492348e+06
3.283555e+06 -4.440674e+06 4.435045e+06
3.300082e+06 -4.485546e+06 4.377246e+06
3.316239e+06 -4.529915e+06 4.318955e+06
3.332024e+06 -4.573776e+06 4.260180e+06
3.347435e+06 -4.617124e+06 4.200927e+06
3.362471e+06 -4.659954e+06 4.141203e+06
3.377129e+06 -4.702261e+06 4.081015e+06
3.391409e+06 -4.744041e+06 4.020368e+06
3.405309e+06 -4.785289e+06 3.959271e+06
3.418826e+06 -4.826000e+06 3.897730e+06
3.431960e+06 -4.866170e+06 3.835751e+06
3.444709e+06 -4.905794e+06 3.773342e+06
3.457072e+06 -4.944867e+06 3.710510e+06
3.469046e+06 -4.983386e+06 3.647262e+06
3.480632e+06 -5.021346e+06 3.583605e+06
3.491828e+06 -5.058743e+06 3.519546e+06
3.502631e+06 -5.095572e+06 3.455092e+06
3.513042e+06 -5.131830e+06 3.390250e+06
3.523059e+06 -5.167513e+06 3.325028e+06
3.532681e+06 -5.202615e+06 3.259433e+06
3.541906e+06 -5.237134e+06 3.193473e+06
3.550734e+06 -5.271066e+06 3.127154e+06
3.559164e+06 -5.304406e+06 3.060485e+06
3.567194e+06 -5.337152e+06 2.993472e+06
3.574825e+06 -5.369299e+06 2.926124e+06
3.582054e+06 -5.400843e+06 2.858447e+06
3.588882e+06 -5.431782e+06 2.790450e+06
3.595307e+06 -5.462111e+06 2.722140e+06
3.601329e+06 -5.491828e+06 2.653525e+06
3.606947e+06 -5.520929e+06 2.584611e+06
3.612161e+06 -5.549411e+06 2.515408e+06
3.616969e+06 -5.577270e+06 2.445923e+06
3.621371e+06 -5.604503e+06 2.376163e+06
3.625368e+06 -5.631108e+06 2.306137e+06
3.628958e+06 -5.657082e+06 2.235853e+06
3.632140e+06 -5.682420e+06 2.165317e+06
3.634915e+06 -5.707122e+06 2.094539e+06
3.637283e+06 -5.731183e+06 2.023525e+06
3.639243e+06 -5.754602e+06 1.952285e+06
3.640794e+06 -5.777375e+06 1.880826e+06
3.641937e+06 -5.799500e+06 1.809155e+06
3.642672e+06 -5.820974e+06 1.737282e+06
3.642997e+06 -5.841796e+06 1.665214e+06
3.642915e+06 -5.861962e+06 1.592959e+06
3.642423e+06 -5.881471e+06 1.520526e+06
3.641524e+06 -5.900320e+06 1.447922e+06
3.640215e+06 -5.918507e+06 1.375155e+06
3.638499e+06 -5.936030e+06 1.302234e+06
3.636374e+06 -5.952888e+06 1.229168e+06
3.633841e+06 -5.969078e+06 1.155963e+06
3.630901e+06 -5.984598e+06 1.082629e+06
3.627554e+06 -5.999447e+06 1.009173e+06
3.623799e+06 -6.013623e+06 9.356040e+05
3.619639e+06 -6.027125e+06 8.619302e+05
3.615072e+06 -6.039951e+06 7.881596e+05
3.610099e+06 -6.052099e+06 7.143006e+05
3.604722e+06 -6.063568e+06 6.403615e+05
3.598941e+06 -6.074357e+06 5.663506e+05
3.592755e+06 -6.084465e+06 4.922762e+05
3.586167e+06 -6.093890e+06 4.181465e+05
3.579177e+06 -6.102632e+06 3.439700e+05
3.571785e+06 -6.110690e+06 2.697549e+05
3.563992e+06 -6.118062e+06 1.955095e+05
3.555800e+06 -6.124747e+06 1.212421e+05
3.547209e+06 -6.130746e+06 4.696122e+04
3.538220e+06 -6.136057e+06 -2.732497e+04
3.528834e+06 -6.140680e+06 -1.016081e+05
3.519052e+06 -6.144614e+06 -1.758798e+05
3.508876e+06 -6.147859e+06 -2.501318e+05
3.498306e+06 -6.150414e+06 -3.243558e+05
3.487344e+06 -6.152279e+06 -3.985433e+05
3.475990e+06 -6.153455e+06 -4.726862e+05
3.464247e+06 -6.153940e+06 -5.467760e+05
3.452115e+06 -6.153735e+06 -6.208045e+05
3.439595e+06 -6.152839e+06 -6.947634e+05
3.426690e+06 -6.151254e+06 -7.686444e+05
3.413401e+06 -6.148978e+06 -8.424391e+05
3.399729e+06 -6.146013e+06 -9.161393e+05
3.385675e+06 -6.142358e+06 -9.897368e+05
3.371242e+06 -6.138015e+06 -1.063223e+06
3.356431e+06 -6.132983e+06 -1.136591e+06
3.341243e+06 -6.127263e+06 -1.209830e+06
3.325680e+06 -6.120856e+06 -1.282934e+06
3.309744e+06 -6.113762e+06 -1.355894e+06
3.293437e+06 -6.105983e+06 -1.428702e+06
3.276761e+06 -6.097518e+06 -1.501350e+06
3.259717e+06 -6.088370e+06 -1.573830e+06
3.242307e+06 -6.078539e+06 -1.646132e+06
3.224534e+06 -6.068026e+06 -1.718251e+06
3.206399e+06 -6.056832e+06 -1.790176e+06
3.187905e+06 -6.044959e+06 -1.861901e+06
3.169053e+06 -6.032408e+06 -1.933417e+06
