5.213151340881e+06 -4.795205541799e+06 0.000000000000e+00 -4.552843768326e+06 -4.949665533371e+06 0.000000000000e+00
5.202287638621e+06 -4.806415308949e+06 7.428522046209e+04 -4.520967703621e+06 -4.978432289516e+06 6.035789795145e+04
5.190827240025e+06 -4.817072238934e+06 1.485621086872e+05 -4.488543091415e+06 -5.006596165693e+06 1.207078860947e+05
5.178772218068e+06 -4.827174288561e+06 2.228223333730e+05 -4.455573297363e+06 -5.034154270860e+06 1.810420556657e+05
5.166124757517e+06 -4.836719434060e+06 2.970575650862e+05 -4.422061710088e+06 -5.061103827628e+06 2.413524999886e+05
5.152887069709e+06 -4.845705762677e+06 3.712594771967e+05 -4.388011829220e+06 -5.087442093812e+06 3.016313155197e+05
5.139061434523e+06 -4.854131427184e+06 4.454197468121e+05 -4.353427221202e+06 -5.113166402496e+06 3.618706028905e+05
5.124650242841e+06 -4.861994601066e+06 5.195300557104e+05 -4.318311473697e+06 -5.138274200310e+06 4.220624679507e+05
5.109655896523e+06 -4.869293584399e+06 5.935820912737e+05 -4.282668300148e+06 -5.162762958170e+06 4.821990228101e+05
5.094080922059e+06 -4.876026683702e+06 6.675675474205e+05 -4.246501419104e+06 -5.186630273268e+06 5.422723868800e+05
5.077927870316e+06 -4.882192317417e+06 7.414781255368e+05 -4.209814659433e+06 -5.209873780718e+06 6.022746879132e+05
5.061199358899e+06 -4.887788970940e+06 8.153055354078e+05 -4.172611914907e+06 -5.232491192105e+06 6.621980630433e+05
5.043898114838e+06 -4.892815152475e+06 8.890414961469e+05 -4.134897097534e+06 -5.254480332096e+06 7.220346598223e+05
5.026026888198e+06 -4.897269482536e+06 9.626777371252e+05 -4.096674229063e+06 -5.275839064856e+06 7.817766372572e+05
5.007588494598e+06 -4.901150649351e+06 1.036205998899e+06 -4.057947394900e+06 -5.296565331623e+06 8.414161668446e+05
4.988585857986e+06 -4.904457365178e+06 1.109618034135e+06 -4.018720696864e+06 -5.316657186272e+06 9.009454336043e+05
4.969021923966e+06 -4.907188454854e+06 1.182905608539e+06 -3.978998345817e+06 -5.336112723704e+06 9.603566371101e+05
4.948899702455e+06 -4.909342811614e+06 1.256060501775e+06 -3.938784614955e+06 -5.354930116412e+06 1.019641992519e+06
4.928222310480e+06 -4.910919353916e+06 1.329074508389e+06 -3.898083792045e+06 -5.373107648950e+06 1.078793731600e+06
4.906992885332e+06 -4.911917112947e+06 1.401939438731e+06 -3.856900273072e+06 -5.390643648383e+06 1.137804103757e+06
4.885214627295e+06 -4.912335188904e+06 1.474647119871e+06 -3.815238514963e+06 -5.407536519798e+06 1.196665377051e+06
4.862890842441e+06 -4.912172708368e+06 1.547189396518e+06 -3.773102987349e+06 -5.423784779646e+06 1.255369839223e+06
4.840024855686e+06 -4.911428910679e+06 1.619558131933e+06 -3.730498267139e+06 -5.439386988322e+06 1.313909798710e+06
4.816620053561e+06 -4.910103104723e+06 1.691745208843e+06 -3.687428990713e+06 -5.454341784587e+06 1.372277585657e+06
4.792679926944e+06 -4.908194626900e+06 1.763742530349e+06 -3.643899805277e+06 -5.468647917742e+06 1.430465552934e+06
4.768207984125e+06 -4.905702926278e+06 1.835542020838e+06 -3.599915464247e+06 -5.482304182419e+06 1.488466077138e+06
4.743207793559e+06 -4.902627521931e+06 1.907135626887e+06 -3.555480778974e+06 -5.495309451872e+06 1.546271559605e+06
4.717683026505e+06 -4.898967961544e+06 1.978515318164e+06 -3.510600569737e+06 -5.507662708951e+06 1.603874427407e+06
4.691637355818e+06 -4.894723919025e+06 2.049673088333e+06 -3.465279778032e+06 -5.519362973001e+06 1.661267134351e+06
4.665074570456e+06 -4.889895083613e+06 2.120600955948e+06 -3.419523336916e+06 -5.530409382830e+06 1.718442161977e+06
4.637998474358e+06 -4.884481256802e+06 2.191290965351e+06 -3.373336283615e+06 -5.540801124768e+06 1.775392020546e+06
4.610412929084e+06 -4.878482310687e+06 2.261735187565e+06 -3.326723710586e+06 -5.550537464003e+06 1.832109250028e+06
4.582321896178e+06 -4.871898147717e+06 2.331925721180e+06 -3.279690716010e+06 -5.559617773472e+06 1.888586421087e+06
4.553729350689e+06 -4.864728782189e+06 2.401854693241e+06 -3.232242500853e+06 -5.568041474885e+06 1.944816136056e+06
4.524639323681e+06 -4.856974299252e+06 2.471514260131e+06 -3.184384319599e+06 -5.575808068834e+06 2.000791029915e+06
4.495055944366e+06 -4.848634815408e+06 2.540896608454e+06 -3.136121430519e+06 -5.582917162390e+06 2.056503771261e+06
4.464983353980e+06 -4.839710558480e+06 2.609993955903e+06 -3.087459193171e+06 -5.589368412595e+06 2.111947063273e+06
4.434425748102e+06 -4.830201827318e+06 2.678798552144e+06 -3.038403018857e+06 -5.595161555310e+06 2.167113644672e+06
4.403387418534e+06 -4.820108953081e+06 2.747302679675e+06 -2.988958320714e+06 -5.600296431488e+06 2.221996290678e+06
4.371872667595e+06 -4.809432377604e+06 2.815498654699e+06 -2.939130611558e+06 -5.604772933195e+06 2.276587813964e+06
4.339885850236e+06 -4.798172613849e+06 2.883378827982e+06 -2.888925454109e+06 -5.608591031171e+06 2.330881065598e+06
4.307431415589e+06 -4.786330207998e+06 2.950935585712e+06 -2.838348410967e+06 -5.611750799737e+06 2.384868935986e+06
4.274513821805e+06 -4.773905816149e+06 3.018161350353e+06 -2.787405142683e+06 -5.614252365424e+06 2.438544355808e+06
4.241137577889e+06 -4.760900165541e+06 3.085048581496e+06 -2.736101357818e+06 -5.616095933196e+06 2.491900296946e+06
4.207307284896e+06 -4.747314017512e+06 3.151589776702e+06 -2.684442762848e+06 -5.617281809984e+06 2.544929773413e+06
4.173027551389e+06 -4.733148242430e+06 3.217777472348e+06 -2.632435160365e+06 -5.617810355960e+06 2.597625842268e+06
4.138303034963e+06 -4.718403781749e+06 3.283604244458e+06 -2.580084399017e+06 -5.617682009409e+06 2.649981604530e+06
4.103138483031e+06 -4.703081611843e+06 3.349062709541e+06 -2.527396323396e+06 -5.616897308853e+06 2.701990206087e+06
4.067538649001e+06 -4.687182817127e+06 3.414145525418e+06 -2.474376872267e+06 -5.615456847034e+06 2.753644838595e+06
4.031508333442e+06 -4.670708552957e+06 3.478845392044e+06 -2.421032028444e+06 -5.613361294398e+06 2.804938740373e+06
3.995052424416e+06 -4.653660010396e+06 3.543155052328e+06 -2.367367768708e+06 -5.610611419792e+06 2.855865197294e+06
3.958175800865e+06 -4.636038499045e+06 3.607067292946e+06 -2.313390178417e+06 -5.607208040412e+06 2.906417543666e+06
3.920883441377e+06 -4.617845352780e+06 3.670574945151e+06 -2.259105319109e+06 -5.603152077823e+06 2.956589163105e+06
3.883180328010e+06 -4.599082011594e+06 3.733670885578e+06 -2.204519343023e+06 -5.598444509313e+06 3.006373489408e+06
3.845071486761e+06 -4.579749986013e+06 3.796348037040e+06 -2.149638442975e+06 -5.593086389018e+06 3.055764007413e+06
3.806562027044e+06 -4.559850823474e+06 3.858599369325e+06 -2.094468802462e+06 -5.587078866158e+06 3.104754253855e+06
3.767657060233e+06 -4.539386176235e+06 3.920417899983e+06 -2.039016693461e+06 -5.580423146507e+06 3.153337818215e+06
3.728361739647e+06 -4.518357766731e+06 3.981796695109e+06 -1.983288426379e+06 -5.573120512055e+06 3.201508343560e+06
3.688681299464e+06 -4.496767354967e+06 4.042728870121e+06 -1.927290300331e+06 -5.565172337758e+06 3.249259527377e+06
3.648620974312e+06 -4.474616804356e+06 4.103207590533e+06 -1.871028700592e+06 -5.556580055887e+06 3.296585122401e+06
3.608186038730e+06 -4.451908048056e+06 4.163226072722e+06 -1.814510048670e+06 -5.547345174227e+06 3.343478937433e+06
3.567381845473e+06 -4.428643057405e+06 4.222777584684e+06 -1.757740752817e+06 -5.537469291300e+06 3.389934838152e+06
3.526213746243e+06 -4.404823905625e+06 4.281855446797e+06 -1.700727305022e+06 -5.526954063654e+06 3.435946747920e+06
3.484687130584e+06 -4.380452735172e+06 4.340453032564e+06 -1.643476231269e+06 -5.515801222565e+06 3.481508648576e+06
3.442807463527e+06 -4.355531727239e+06 4.398563769359e+06 -1.585994042324e+06 -5.504012587715e+06 3.526614581226e+06
3.400580207558e+06 -4.330063163274e+06 4.456181139165e+06 -1.528287330178e+06 -5.491590037469e+06 3.571258647024e+06
3.358010860896e+06 -4.304049393368e+06 4.513298679301e+06 -1.470362718532e+06 -5.478535524052e+06 3.615435007943e+06
3.315104994448e+06 -4.277492806856e+06 4.569909983151e+06 -1.412226813917e+06 -5.464851085674e+06 3.659137887540e+06
3.271868175087e+06 -4.250395891590e+06 4.626008700882e+06 -1.353886301482e+06 -5.450538819818e+06 3.702361571709e+06
3.228306003281e+06 -4.222761203396e+06 4.681588540154e+06 -1.295347895764e+06 -5.435600896887e+06 3.745100409434e+06
3.184424149306e+06 -4.194591337800e+06 4.736643266828e+06 -1.236618292188e+06 -5.420039570749e+06 3.787348813523e+06
3.140228277933e+06 -4.165888987001e+06 4.791166705666e+06 -1.177704262102e+06 -5.403857155087e+06 3.829101261341e+06
3.095724085357e+06 -4.136656910425e+06 4.845152741019e+06 -1.118612603879e+06 -5.387056035474e+06 3.870352295529e+06
3.050917334630e+06 -4.106897907603e+06 4.898595317518e+06 -1.059350094850e+06 -5.369638678350e+06 3.911096524722e+06
3.005813769878e+06 -4.076614881607e+06 4.951488440751e+06 -9.999236011919e+05 -5.351607607508e+06 3.951328624249e+06
2.960419212298e+06 -4.045810766641e+06 5.003826177937e+06 -9.403399509053e+05 -5.332965429272e+06 3.991043336827e+06
2.914739475160e+06 -4.014488590275e+06 5.055602658588e+06 -8.806060432363e+05 -5.313714810538e+06 4.030235473251e+06
2.868780399481e+06 -3.982651445894e+06 5.106812075170e+06 -8.207288004424e+05 -5.293858488231e+06 4.068899913071e+06
2.822547888063e+06 -3.950302467540e+06 5.157448683755e+06 -7.607151205531e+05 -5.273399275605e+06 4.107031605255e+06
2.776047834348e+06 -3.917444880508e+06 5.207506804664e+06 -7.005719699276e+05 -5.252340046859e+06 4.144625568852e+06
2.729286157290e+06 -3.884081974956e+06 5.256980823103e+06 -6.403063354857e+05 -5.230683745008e+06 4.181676893639e+06
2.682268834496e+06 -3.850217081959e+06 5.305865189798e+06 -5.799251780319e+05 -5.208433386562e+06 4.218180740762e+06
2.635001832804e+06 -3.815853621632e+06 5.354154421608e+06 -5.194355237061e+05 -5.185592049300e+06 4.254132343365e+06
2.587491142299e+06 -3.780995077928e+06 5.401843102149e+06 -4.588444167308e+05 -5.162162878524e+06 4.289527007211e+06
2.539742808536e+06 -3.745644975920e+06 5.448925882399e+06 -3.981588733445e+05 -5.138149090125e+06 4.324360111291e+06
2.491762864906e+06 -3.709806927414e+06 5.495397481294e+06 -3.373859720535e+05 -5.113553961521e+06 4.358627108426e+06
2.443557365769e+06 -3.673484606951e+06 5.541252686326e+06 -2.765328069427e+05 -5.088380836297e+06 4.392323525862e+06
2.395132417711e+06 -3.636681730346e+06 5.586486354124e+06 -2.156064422656e+05 -5.062633125646e+06 4.425444965843e+06
2.346494113785e+06 -3.599402097741e+06 5.631093411032e+06 -1.546140014057e+05 -5.036314302483e+06 4.457987106188e+06
2.297648565716e+06 -3.561649570843e+06 5.675068853679e+06 -9.356262079770e+04 -5.009427904474e+06 4.489945700851e+06
2.248601934160e+06 -3.523428052727e+06 5.718407749538e+06 -3.245940522169e+04 -4.981977533832e+06 4.521316580471e+06
2.199360364892e+06 -3.484741528297e+06 5.761105237481e+06 2.868848461810e+04 -4.953966854635e+06 4.552095652913e+06
2.149930020055e+06 -3.445594042782e+06 5.803156528324e+06 8.987387751269e+04 -4.925399594227e+06 4.582278903796e+06
2.100317107372e+06 -3.405989682817e+06 5.844556905365e+06 1.510896357067e+05 -4.896279541373e+06 4.611862397018e+06
2.050527818367e+06 -3.365932614283e+06 5.885301724910e+06 2.123285687891e+05 -4.866610546789e+06 4.640842275260e+06
2.000568358613e+06 -3.325427062073e+06 5.925386416798e+06 2.735834784086e+05 -4.836396522903e+06 4.669214760489e+06
1.950444975872e+06 -3.284477292463e+06 5.964806484909e+06 3.348472014387e+05 -4.805641440379e+06 4.696976154444e+06
1.900163890898e+06 -3.243087653887e+06 6.003557507675e+06 3.961125114188e+05 -4.774349333020e+06 4.724122839114e+06
1.849731374228e+06 -3.201262530107e+06 6.041635138566e+06 4.573722325556e+05 -4.742524290079e+06 4.750651277207e+06
1.799153678063e+06 -3.159006379639e+06 6.079035106589e+06 5.186191419797e+05 -4.710170462772e+06 4.776558012605e+06
1.748437064766e+06 -3.116323717669e+06 6.115753216757e+06 5.798460131860e+05 -4.677292061309e+06 4.801839670807e+06
1.697587833146e+06 -3.073219100606e+06 6.151785350567e+06 6.410456577808e+05 -4.643893348689e+06 4.826492959370e+06
1.646612262436e+06 -3.029697156818e+06 6.187127466457e+06 7.022108437143e+05 -4.609978649802e+06 4.850514668327e+06
1.595516639696e+06 -2.985762569839e+06 6.221775600263e+06 7.633343378978e+05 -4.575552346824e+06 4.873901670602e+06
1.544307284933e+06 -2.941420064264e+06 6.255725865659e+06 8.244089470436e+05 -4.540618871380e+06 4.896650922414e+06
1.492990497369e+06 -2.896674433760e+06 6.288974454598e+06 8.854274376782e+05 -4.505182716858e+06 4.918759463662e+06
1.441572581719e+06 -2.851530525602e+06 6.321517637737e+06 9.463825778923e+05 -4.469248432170e+06 4.940224418311e+06
1.390059872114e+06 -2.805993227896e+06 6.353351764853e+06 1.007267177234e+06 -4.432820612284e+06 4.961042994757e+06
1.338458680726e+06 -2.760067494867e+06 6.384473265258e+06 1.068074008581e+06 -4.395903913747e+06 4.981212486186e+06
1.286775322880e+06 -2.713758332722e+06 6.414878648192e+06 1.128795848983e+06 -4.358503046815e+06 5.000730270918e+06
1.235016139767e+06 -2.667070788214e+06 6.444564503222e+06 1.189425518568e+06 -4.320622764363e+06 5.019593812745e+06
1.183187449471e+06 -2.620009971193e+06 6.473527500621e+06 1.249955804350e+06 -4.282267880605e+06 5.037800661251e+06
1.131295570904e+06 -2.572581041795e+06 6.501764391738e+06 1.310379500125e+06 -4.243443261594e+06 5.055348452126e+06
1.079346845258e+06 -2.524789200369e+06 6.529272009371e+06 1.370689444351e+06 -4.204153812526e+06 5.072234907469e+06
1.027347589517e+06 -2.476639707263e+06 6.556047268114e+06 1.430878445966e+06 -4.164404499639e+06 5.088457836072e+06
9.753041191676e+05 -2.428137871363e+06 6.582087164708e+06 1.490939323298e+06 -4.124200339096e+06 5.104015133703e+06
9.232227683710e+05 -2.379289041371e+06 6.607388778375e+06 1.550864940879e+06 -4.083546382682e+06 5.118904783369e+06
8.711098460178e+05 -2.330098622830e+06 6.631949271148e+06 1.610648137356e+06 -4.042447742877e+06 5.133124855573e+06
8.189716571844e+05 -2.280572068011e+06 6.655765888187e+06 1.670281763364e+06 -4.000909580121e+06 5.146673508556e+06
7.668145220036e+05 -2.230714868551e+06 6.678835958091e+06 1.729758717247e+06 -3.958937086928e+06 5.159548988530e+06
7.146447279124e+05 -2.180532571802e+06 6.701156893194e+06 1.789071863631e+06 -3.916535521348e+06 5.171749629897e+06
6.624685818199e+05 -2.130030761591e+06 6.722726189858e+06 1.848214127691e+06 -3.873710166393e+06 5.183273855459e+06
6.102923636750e+05 -2.079215073187e+06 6.743541428752e+06 1.907178414827e+06 -3.830466365058e+06 5.194120176611e+06
5.581223457816e+05 -2.028091185447e+06 6.763600275125e+06 1.965957646749e+06 -3.786809504939e+06 5.204287193533e+06
5.059648094404e+05 -1.976664815716e+06 6.782900479068e+06 2.024544795288e+06 -3.742744999723e+06 5.213773595356e+06
4.538260080337e+05 -1.924941729464e+06 6.801439875764e+06 2.082932816202e+06 -3.698278322584e+06 5.222578160330e+06
4.017121850206e+05 -1.872927733791e+06 6.819216385732e+06 2.141114684134e+06 -3.653414989225e+06 5.230699755971e+06
3.496295892118e+05 -1.820628673690e+06 6.836228015061e+06 2.199083425235e+06 -3.608160537815e+06 5.238137339198e+06
2.975844405839e+05 -1.768050438909e+06 6.852472855636e+06 2.256832053304e+06 -3.562520565469e+06 5.244889956464e+06
2.455829469310e+05 -1.715198958817e+06 6.867949085344e+06 2.314353603585e+06 -3.516500709717e+06 5.250956743867e+06
1.936313177507e+05 -1.662080200025e+06 6.882654968288e+06 2.371641164174e+06 -3.470106626915e+06 5.256336927254e+06
1.417357328344e+05 -1.608700170480e+06 6.896588854975e+06 2.428687814544e+06 -3.423344031766e+06 5.261029822313e+06
8.990235755361e+04 -1.555064915693e+06 6.909749182504e+06 2.485486658163e+06 -3.376218677244e+06 5.265034834653e+06
3.813735533547e+04 -1.501180517712e+06 6.922134474741e+06 2.542030852637e+06 -3.328736331494e+06 5.268351459870e+06
-1.355314092528e+04 -1.447053096456e+06 6.933743342483e+06 2.598313550701e+06 -3.280902820359e+06 5.270979283604e+06
-6.516301496869e+04 -1.392688807305e+06 6.944574483618e+06 2.654327931605e+06 -3.232724005775e+06 5.272917981582e+06
-1.166861561207e+05 -1.338093841418e+06 6.954626683263e+06 2.710067229979e+06 -3.184205761181e+06 5.274167319653e+06
-1.681164850208e+05 -1.283274424319e+06 6.963898813910e+06 2.765524679336e+06 -3.135354017020e+06 5.274727153805e+06
-2.194479411317e+05 -1.228236814842e+06 6.972389835546e+06 2.820693542204e+06 -3.086174737618e+06 5.274597430178e+06
-2.706744731347e+05 -1.172987306791e+06 6.980098795771e+06 2.875567137685e+06 -3.036673895131e+06 5.273778185054e+06
-3.217900617589e+05 -1.117532224793e+06 6.987024829906e+06 2.930138787515e+06 -2.986857517972e+06 5.272269544852e+06
-3.727887087165e+05 -1.061877924592e+06 6.993167161090e+06 2.984401844921e+06 -2.936731666205e+06 5.270071726090e+06
-4.236644285584e+05 -1.006030796039e+06 6.998525100364e+06 3.038349720845e+06 -2.886302404046e+06 5.267185035359e+06
-4.744112713563e+05 -9.499972548408e+05 7.003098046753e+06 3.091975824297e+06 -2.835575860246e+06 5.263609869260e+06
-5.250232991463e+05 -8.937837511538e+05 7.006885487330e+06 3.145273631497e+06 -2.784558156660e+06 5.259346714354e+06
-5.754946071286e+05 -8.373967599807e+05 7.009886997275e+06 3.198236627555e+06 -2.733255470052e+06 5.254396147078e+06
-6.258193150176e+05 -7.808427836952e+05 7.012102239923e+06 3.250858333125e+06 -2.681674005059e+06 5.248758833669e+06
-6.759915613600e+05 -7.241283572338e+05 7.013530966799e+06 3.303132328358e+06 -2.629819964351e+06 5.242435530058e+06
-7.260055184720e+05 -6.672600367534e+05 7.014173017650e+06 3.355052206035e+06 -2.577699604630e+06 5.235427081770e+06
-7.758553852565e+05 -6.102444034859e+05 7.014028320459e+06 3.406611596874e+06 -2.525319208179e+06 5.227734423796e+06
-8.255353830156e+05 -5.530880702337e+05 7.013096891458e+06 3.457804192085e+06 -2.472685051653e+06 5.219358580466e+06
-8.750397673756e+05 -4.957976673709e+05 7.011378835120e+06 3.508623699239e+06 -2.419803464820e+06 5.210300665303e+06
-9.243628225859e+05 -4.383798480157e+05 7.008874344151e+06 3.559063866196e+06 -2.366680800719e+06 5.200561880867e+06
-9.734988588346e+05 -3.808412958177e+05 7.005583699469e+06 3.609118502247e+06 -2.313323403108e+06 5.190143518593e+06
-1.022442221139e+06 -3.231887083292e+05 7.001507270172e+06 3.658781436758e+06 -2.259737667901e+06 5.179046958606e+06
-1.071187285135e+06 -2.654288034842e+05 6.996645513492e+06 3.708046541701e+06 -2.205930011953e+06 5.167273669536e+06
-1.119728455909e+06 -2.075683286628e+05 6.990998974752e+06 3.756907751359e+06 -2.151906839204e+06 5.154825208312e+06
-1.168060173827e+06 -1.496140414629e+05 6.984568287299e+06 3.805359023781e+06 -2.097674604749e+06 5.141703219955e+06
-1.216176911832e+06 -9.157271747238e+04 6.977354172433e+06 3.853394361899e+06 -2.043239782282e+06 5.127909437349e+06
-1.264073175790e+06 -3.345116059501e+04 6.969357439329e+06 3.901007831780e+06 -1.988608828971e+06 5.113445681009e+06
-1.311743507249e+06 2.474381874439e+04 6.960578984944e+06 3.948193526923e+06 -1.933788252091e+06 5.098313858830e+06
-1.359182482248e+06 8.300539454950e+04 6.951019793919e+06 3.994945587938e+06 -1.878784575168e+06 5.082515965830e+06
-1.406384713184e+06 1.413267136816e+05 6.940680938463e+06 4.041258219338e+06 -1.823604301612e+06 5.066054083884e+06
-1.453344847902e+06 1.997009244503e+05 6.929563578240e+06 4.087125651518e+06 -1.768253995847e+06 5.048930381438e+06
-1.500057572945e+06 2.581211449799e+05 6.917668960234e+06 4.132542184919e+06 -1.712740188224e+06 5.031147113221e+06
-1.546517611097e+06 3.165804930519e+05 6.904998418610e+06 4.177502153463e+06 -1.657069457367e+06 5.012706619937e+06
-1.592719722714e+06 3.750720749586e+05 6.891553374566e+06 4.221999941798e+06 -1.601248394218e+06 4.993611327956e+06
-1.638658710144e+06 4.335889718991e+05 6.877335336171e+06 4.266029999612e+06 -1.545283563691e+06 4.973863748987e+06
-1.684329412237e+06 4.921242684395e+05 6.862345898198e+06 4.309586813651e+06 -1.489181577823e+06 4.953466479740e+06
-1.729726707205e+06 5.506710401327e+05 6.846586741944e+06 4.352664923492e+06 -1.432949058602e+06 4.932422201577e+06
-1.774845518566e+06 6.092223387218e+05 6.830059635044e+06 4.395258934352e+06 -1.376592598487e+06 4.910733680162e+06
-1.819680806550e+06 6.677712230243e+05 6.812766431267e+06 4.437363492050e+06 -1.320118835869e+06 4.888403765080e+06
-1.864227572487e+06 7.263107453377e+05 6.794709070314e+06 4.478973297284e+06 -1.263534416725e+06 4.865435389468e+06
-1.908480866280e+06 7.848339354707e+05 6.775889577598e+06 4.520083116934e+06 -1.206845954042e+06 4.841831569616e+06
-1.952435774699e+06 8.433338340083e+05 6.756310064016e+06 4.560687761977e+06 -1.150060105509e+06 4.817595404571e+06
-1.996087427297e+06 9.018034775219e+05 6.735972725712e+06 4.600782100270e+06 -1.093183534039e+06 4.792730075723e+06
-2.039431005414e+06 9.602358814527e+05 6.714879843836e+06 4.640361066319e+06 -1.036222866133e+06 4.767238846380e+06
-2.082461727360e+06 1.018624075709e+06 6.693033784278e+06 4.679419642188e+06 -9.791847717330e+05 4.741125061340e+06
-2.125174855857e+06 1.076961088704e+06 6.670436997414e+06 4.717952868755e+06 -9.220759236468e+05 4.714392146442e+06
-2.167565708570e+06 1.135239929114e+06 6.647092017823e+06 4.755955853960e+06 -8.649029548934e+05 4.687043608116e+06
-2.209629640179e+06 1.193453623758e+06 6.623001464004e+06 4.793423756700e+06 -8.076725406391e+05 4.659083032913e+06
-2.251362051358e+06 1.251595200490e+06 6.598168038088e+06 4.830351796569e+06 -7.503913565625e+05 4.630514087039e+06
-2.292758400810e+06 1.309657668849e+06 6.572594525525e+06 4.866735260569e+06 -6.930660352290e+05 4.601340515862e+06
-2.333814184253e+06 1.367634060182e+06 6.546283794783e+06 4.902569490006e+06 -6.357032500223e+05 4.571566143419e+06
-2.374524944915e+06 1.425517409396e+06 6.519238797015e+06 4.937849888701e+06 -5.783096724959e+05 4.541194871913e+06
-2.414886287081e+06 1.483300734548e+06 6.491462565738e+06 4.972571928164e+06 -5.208919278183e+05 4.510230681197e+06
-2.454893847475e+06 1.540977086337e+06 6.462958216486e+06 5.006731136142e+06 -4.634566953055e+05 4.478677628245e+06
-2.494543329871e+06 1.598539492752e+06 6.433728946461e+06 5.040323110086e+06 -4.060105913555e+05 4.446539846624e+06
-2.533830474935e+06 1.655981009632e+06 6.403778034180e+06 5.073343507200e+06 -3.485602709017e+05 4.413821545942e+06
-2.572751073242e+06 1.713294700608e+06 6.373108839101e+06 5.105788050091e+06 -2.911123831684e+05 4.380527011298e+06
-2.611300981316e+06 1.770473614954e+06 6.341724801247e+06 5.137652529384e+06 -2.336735256716e+05 4.346660602716e+06
-2.649476092429e+06 1.827510833385e+06 6.309629440826e+06 5.168932798637e+06 -1.762503330523e+05 4.312226754570e+06
-2.687272351117e+06 1.884399446941e+06 6.276826357827e+06 5.199624778459e+06 -1.188494319361e+05 4.277229975003e+06
-2.724685770709e+06 1.941132533842e+06 6.243319231625e+06 5.229724457581e+06 -6.147739412836e+04 4.241674845333e+06
-2.761712401082e+06 1.997703207309e+06 6.209111820562e+06 5.259227890788e+06 -4.140827121482e+03 4.205566019452e+06
-2.798348344673e+06 2.054104593415e+06 6.174207961529e+06 5.288131201490e+06 5.315367189638e+04 4.168908223211e+06
-2.834589775474e+06 2.110329806973e+06 6.138611569533e+06 5.316430581262e+06 1.103995636027e+05 4.131706253803e+06
-2.870432903779e+06 2.166372001321e+06 6.102326637260e+06 5.344122290776e+06 1.675902744535e+05 4.093964979135e+06
-2.905873993671e+06 2.222224345171e+06 6.065357234629e+06 5.371202660840e+06 2.247192434767e+05 4.055689337181e+06
-2.940909383475e+06 2.277879997556e+06 6.027707508327e+06 5.397668090397e+06 2.817799705428e+05 4.016884335345e+06
-2.975535447513e+06 2.333332159520e+06 5.989381681357e+06 5.423515050463e+06 3.387659227914e+05 3.977555049795e+06
-3.009748615066e+06 2.388574049991e+06 5.950384052551e+06 5.448740083621e+06 3.956705821796e+05 3.937706624806e+06
-3.043545392257e+06 2.443598879824e+06 5.910718996097e+06 5.473339800502e+06 4.524874944118e+05 3.897344272078e+06
-3.076922320858e+06 2.498399905321e+06 5.870390961045e+06 5.497310886701e+06 5.092101739757e+05 3.856473270061e+06
-3.109875998697e+06 2.552970403170e+06 5.829404470809e+06 5.520650100742e+06 5.658321523980e+05 3.815098963258e+06
-3.142403102964e+06 2.607303643611e+06 5.787764122657e+06 5.543354269037e+06 6.223470277817e+05 3.773226761528e+06
-3.174500346094e+06 2.661392945718e+06 5.745474587200e+06 5.565420295778e+06 6.787483685501e+05 3.730862139380e+06
-3.206164497611e+06 2.715231651439e+06 5.702540607861e+06 5.586845159372e+06 7.350297623606e+05 3.688010635254e+06
-3.237392408836e+06 2.768813097909e+06 5.658967000353e+06 5.607625905889e+06 7.911848661970e+05 3.644677850797e+06
-3.268180957597e+06 2.822130684036e+06 5.614758652128e+06 5.627759664395e+06 8.472072924118e+05 3.600869450135e+06
-3.298527112898e+06 2.875177795703e+06 5.569920521839e+06 5.647243629436e+06 9.030907408005e+05 3.556591159126e+06
-3.328427878204e+06 2.927947873173e+06 5.524457638773e+06 5.666075077846e+06 9.588288840890e+05 3.511848764618e+06
-3.357880315640e+06 2.980434383673e+06 5.478375102298e+06 5.684251362642e+06 1.014415417829e+06 3.466648113692e+06
-3.386881572977e+06 3.032630792391e+06 5.431678081283e+06 5.701769903984e+06 1.069844111302e+06 3.420995112895e+06
-3.415428831915e+06 3.084530622137e+06 5.384371813522e+06 5.718628206896e+06 1.125108708310e+06 3.374895727476e+06
-3.443519333660e+06 3.136127425115e+06 5.336461605144e+06 5.734823853671e+06 1.180202977595e+06 3.328355980600e+06
-3.471150407258e+06 3.187414753166e+06 5.287952830020e+06 5.750354493337e+06 1.235120764157e+06 3.281381952569e+06
-3.498319415093e+06 3.238386218943e+06 5.238850929161e+06 5.765217862281e+06 1.289855889124e+06 3.233979780024e+06
-3.525023779840e+06 3.289035466891e+06 5.189161410105e+06 5.779411775160e+06 1.344402200645e+06 3.186155655147e+06
-3.551261014104e+06 3.339356142782e+06 5.138889846299e+06 5.792934112892e+06 1.398753625564e+06 3.137915824856e+06
-3.577028663200e+06 3.389341956322e+06 5.088041876477e+06 5.805782846160e+06 1.452904068483e+06 3.089266589988e+06
-3.602324333437e+06 3.438986651385e+06 5.036623204027e+06 5.817956024826e+06 1.506847463063e+06 3.040214304479e+06
-3.627145723054e+06 3.488283974861e+06 4.984639596348e+06 5.829451764485e+06 1.560577824013e+06 2.990765374536e+06
-3.651490562318e+06 3.537227740636e+06 4.932096884206e+06 5.840268272795e+06 1.614089145438e+06 2.940926257805e+06
-3.675356643133e+06 3.585811799103e+06 4.879000961080e+06 5.850403837431e+06 1.667375452507e+06 2.890703462528e+06
-3.698741851221e+06 3.634030005372e+06 4.825357782497e+06 5.859856811199e+06 1.720430853692e+06 2.840103546696e+06
-3.721644103615e+06 3.681876284534e+06 4.771173365372e+06 5.868625641170e+06 1.773249438520e+06 2.789133117197e+06
-3.744061379545e+06 3.729344600496e+06 4.716453787325e+06 5.876708855185e+06 1.825825329540e+06 2.737798828956e+06
-3.765991753857e+06 3.776428923583e+06 4.661205186004e+06 5.884105045549e+06 1.878152734769e+06 2.686107384069e+06
-3.787433331937e+06 3.823123297019e+06 4.605433758393e+06 5.890812900933e+06 1.930225844946e+06 2.634065530930e+06
-3.808384281863e+06 3.869421805109e+06 4.549145760122e+06 5.896831191447e+06 1.982038885749e+06 2.581680063357e+06
-3.828842869015e+06 3.915318540284e+06 4.492347504760e+06 5.902158750932e+06 2.033586170395e+06 2.528957819707e+06
-3.848807376887e+06 3.960807682000e+06 4.435045363112e+06 5.906794517712e+06 2.084861979165e+06 2.475905681985e+06
-3.868276198562e+06 4.005883407859e+06 4.377245762497e+06 5.910737487660e+06 2.135860698480e+06 2.422530574953e+06
-3.887247756291e+06 4.050539973045e+06 4.318955186038e+06 5.913986756289e+06 2.186576700283e+06 2.368839465229e+06
-3.905720535672e+06 4.094771677519e+06 4.260180171922e+06 5.916541501465e+06 2.237004394561e+06 2.314839360383e+06
-3.923693122191e+06 4.138572832207e+06 4.200927312679e+06 5.918400963430e+06 2.287138282058e+06 2.260537308024e+06
-3.941164129622e+06 4.181937828315e+06 4.141203254432e+06 5.919564483883e+06 2.336972850731e+06 2.205940394889e+06
-3.958132235381e+06 4.224861103988e+06 4.081014696159e+06 5.920031487316e+06 2.386502628381e+06 2.151055745918e+06
-3.974596218183e+06 4.267337110032e+06 4.020368388939e+06 5.919801459693e+06 2.435722235362e+06 2.095890523333e+06
-3.990554884105e+06 4.309360380150e+06 3.959271135192e+06 5.918873990149e+06 2.484626280942e+06 2.040451925706e+06
-4.006007103097e+06 4.350925497099e+06 3.897729787922e+06 5.917248750957e+06 2.533209415987e+06 1.984747187028e+06
-4.020951847696e+06 4.392027057987e+06 3.835751249943e+06 5.914925474902e+06 2.581466385603e+06 1.928783575766e+06
-4.035388116852e+06 4.432659745350e+06 3.773342473107e+06 5.911903999538e+06 2.629391925520e+06 1.872568393921e+06
-4.049314973531e+06 4.472818292841e+06 3.710510457523e+06 5.908184245819e+06 2.676980814766e+06 1.816108976084e+06
-4.062731584476e+06 4.512497450148e+06 3.647262250776e+06 5.903766194185e+06 2.724227928197e+06 1.759412688481e+06
-4.075637141846e+06 4.551692054823e+06 3.583604947129e+06 5.898649931328e+06 2.771128133002e+06 1.702486928018e+06
-4.088030901893e+06 4.590396997556e+06 3.519545686735e+06 5.892835627518e+06 2.817676341319e+06 1.645339121326e+06
-4.099912225724e+06 4.628607186736e+06 3.455091654831e+06 5.886323511421e+06 2.863867562594e+06 1.587976723790e+06
-4.111280498824e+06 4.666317620966e+06 3.390250080934e+06 5.879113919329e+06 2.909696800320e+06 1.530407218590e+06
-4.122135170781e+06 4.703523353949e+06 3.325028238029e+06 5.871207271191e+06 2.955159104536e+06 1.472638115729e+06
-4.132475796997e+06 4.740219458741e+06 3.259433441756e+06 5.862604044212e+06 3.000249623958e+06 1.414676951056e+06
-4.142301956186e+06 4.776401100867e+06 3.193473049586e+06 5.853304824471e+06 3.044963503069e+06 1.356531285292e+06
-4.151613291097e+06 4.812063502856e+06 3.127154459998e+06 5.843310281703e+06 3.089295934436e+06 1.298208703053e+06
-4.160409551141e+06 4.847201908234e+06 3.060485111647e+06 5.832621141690e+06 3.133242210570e+06 1.239716811861e+06
-4.168690493621e+06 4.881811667377e+06 2.993472482534e+06 5.821238249549e+06 3.176797604381e+06 1.181063241162e+06
-4.176455997019e+06 4.915888140593e+06 2.926124089160e+06 5.809162496675e+06 3.219957506670e+06 1.122255641339e+06
-4.183705961283e+06 4.949426784194e+06 2.858447485691e+06 5.796394885166e+06 3.262717306858e+06 1.063301682716e+06
-4.190440350114e+06 4.982423114539e+06 2.790450263105e+06 5.782936500570e+06 3.305072444905e+06 1.004209054569e+06
-4.196659235041e+06 5.014872671682e+06 2.722140048343e+06 5.768788482341e+06 3.347018462569e+06 9.449854641281e+05
-4.202362707901e+06 5.046771093665e+06 2.653524503452e+06 5.753952081577e+06 3.388550901939e+06 8.856386355781e+05
-4.207550924029e+06 5.078114080328e+06 2.584611324727e+06 5.738428632577e+06 3.429665357037e+06 8.261763090607e+05
-4.212224147125e+06 5.108897356793e+06 2.515408241848e+06 5.722219522193e+06 3.470357524646e+06 7.666062396700e+05
-4.216382660022e+06 5.139116748056e+06 2.445923017011e+06 5.705326249733e+06 3.510623103590e+06 7.069361964493e+05
-4.220026808715e+06 5.168768142591e+06 2.376163444059e+06 5.687750397374e+06 3.550457845960e+06 6.471739613845e+05
-4.223157047993e+06 5.197847455724e+06 2.306137347609e+06 5.669493598430e+06 3.589857607457e+06 5.873273283967e+05
-4.225773850569e+06 5.226350704428e+06 2.235852582169e+06 5.650557599366e+06 3.628818247532e+06 5.274041023331e+05
-4.227877751915e+06 5.254273970778e+06 2.165317031266e+06 5.630944229094e+06 3.667335680174e+06 4.674120979563e+05
-4.229469396609e+06 5.281613365236e+06 2.094538606551e+06 5.610655366194e+06 3.705405923721e+06 4.073591389325e+05
-4.230549445918e+06 5.308365101586e+06 2.023525246920e+06 5.589693002967e+06 3.743025001958e+06 3.472530568190e+05
-4.231118623398e+06 5.334525460263e+06 1.952284917621e+06 5.568059213650e+06 3.780188994423e+06 2.871016900496e+05
-4.231177761900e+06 5.360090751602e+06 1.880825609359e+06 5.545756120624e+06 3.816894085625e+06 2.269128829205e+05
-4.230727709714e+06 5.385057390821e+06 1.809155337401e+06 5.522785960442e+06 3.853136467212e+06 1.666944845745e+05
-4.229769376871e+06 5.409421861271e+06 1.737282140677e+06 5.499151050988e+06 3.888912387736e+06 1.064543479851e+05
-4.228303782779e+06 5.433180677688e+06 1.665214080878e+06 5.474853756722e+06 3.924218201230e+06 4.620032893964e+04
-4.226331961003e+06 5.456330461141e+06 1.592959241553e+06 5.449896556590e+06 3.959050270543e+06 -1.405971497741e+04
-4.223855006240e+06 5.478867902241e+06 1.520525727199e+06 5.424282010189e+06 3.993405016526e+06 -7.431792540166e+04
-4.220874122527e+06 5.500789724439e+06 1.447921662356e+06 5.398012722063e+06 4.027278965897e+06 -1.345664442061e+05
-4.217390510554e+06 5.522092771226e+06 1.375155190694e+06 5.371091423353e+06 4.060668640106e+06 -1.947974145182e+05
-4.213405496271e+06 5.542773907484e+06 1.302234474098e+06 5.343520877425e+06 4.093570682664e+06 -2.550029817372e+05
-4.208920417609e+06 5.562830106592e+06 1.229167691755e+06 5.315303962391e+06 4.125981748677e+06 -3.151752945507e+05
-4.203936672461e+06 5.582258413661e+06 1.155963039235e+06 5.286443635674e+06 4.157898552927e+06 -3.753065059510e+05
-4.198455767738e+06 5.601055908987e+06 1.082628727573e+06 5.256942896820e+06 4.189317916463e+06 -4.353887742510e+05
-4.192479221006e+06 5.619219782511e+06 1.009172982346e+06 5.226804860121e+06 4.220236673587e+06 -4.954142640997e+05
-4.186008609002e+06 5.636747297118e+06 9.356040427537e+05 5.196032718251e+06 4.250651719192e+06 -5.553751474957e+05
-4.179045617137e+06 5.653635752240e+06 8.619301606904e+05 5.164629704259e+06 4.280560054525e+06 -6.152636048016e+05
-4.171591940129e+06 5.669882557980e+06 7.881595998221e+05 5.132599165799e+06 4.309958695722e+06 -6.750718257559e+05
-4.163649331017e+06 5.685485198527e+06 7.143006346587e+05 5.099944527904e+06 4.338844720367e+06 -7.347920104841e+05
-4.155219651051e+06 5.700441195934e+06 6.403615496260e+05 5.066669254180e+06 4.367215312368e+06 -7.944163705088e+05
-4.146304769429e+06 5.714748183842e+06 5.663506381366e+05 5.032776922580e+06 4.395067672142e+06 -8.539371297584e+05
-4.136906612753e+06 5.728403871033e+06 4.922762016594e+05 4.998271187339e+06 4.422399062347e+06 -9.133465255735e+05
-4.127027215262e+06 5.741406005435e+06 4.181465487887e+05 4.963155739428e+06 4.449206851814e+06 -9.726368097126e+05
-4.116668617771e+06 5.753752447360e+06 3.439699943122e+05 4.927434383773e+06 4.475488427498e+06 -1.031800249355e+06
-4.105832917522e+06 5.765441133240e+06 2.697548582783e+05 4.891111000409e+06 4.501241239308e+06 -1.090829128104e+06
-4.094522318703e+06 5.776470039889e+06 1.955094650627e+05 4.854189504218e+06 4.526462843074e+06 -1.149715746982e+06
-4.082739030698e+06 5.786837257185e+06 1.212421424354e+05 4.816673923530e+06 4.551150814335e+06 -1.208452425433e+06
-4.070485318280e+06 5.796540952020e+06 4.696122062573e+04 4.778568360521e+06 4.575302792241e+06 -1.267031502315e+06
-4.057763552363e+06 5.805579332868e+06 -2.732496861153e+04 4.739876950290e+06 4.598916521490e+06 -1.325445336893e+06
-4.044576090614e+06 5.813950733685e+06 -1.016080929307e+05 4.700603954306e+06 4.621989754266e+06 -1.383686309826e+06
-4.030925413219e+06 5.821653518795e+06 -1.758798203300e+05 4.660753652302e+06 4.644520362120e+06 -1.441746824159e+06
-4.016814003246e+06 5.828686166447e+06 -2.501318200859e+05 4.620330436329e+06 4.666506238913e+06 -1.499619306306e+06
-4.002244397289e+06 5.835047233224e+06 -3.243557636877e+05 4.579338770004e+06 4.687945343067e+06 -1.557296207028e+06
-3.987219236498e+06 5.840735319171e+06 -3.985433257714e+05 4.537783146569e+06 4.708835737674e+06 -1.614770002415e+06
-3.971741163505e+06 5.845749138614e+06 -4.726861850542e+05 4.495668170741e+06 4.729175509676e+06 -1.672033194862e+06
-3.955812873275e+06 5.850087484888e+06 -5.467760252669e+05 4.452998517327e+06 4.748962811045e+06 -1.729078314036e+06
-3.939437164230e+06 5.853749195864e+06 -6.208045360876e+05 4.409778888731e+06 4.768195897755e+06 -1.785897917850e+06
-3.922616834874e+06 5.856733223927e+06 -6.947634140732e+05 4.366014097873e+06 4.786873051141e+06 -1.842484593424e+06
-3.905354734798e+06 5.859038601062e+06 -7.686443635912e+05 4.321709026199e+06 4.804992617977e+06 -1.898830958050e+06
-3.887653815837e+06 5.860664404811e+06 -8.424390977498e+05 4.276868580699e+06 4.822553048254e+06 -1.954929660144e+06
-3.869517028514e+06 5.861609827342e+06 -9.161393393277e+05 4.231497777785e+06 4.839552818812e+06 -2.010773380206e+06
-3.850947373131e+06 5.861874140935e+06 -9.897368217024e+05 4.185601700770e+06 4.855990472272e+06 -2.066354831763e+06
-3.831947950924e+06 5.861456664389e+06 -1.063223289777e+06 4.139185456408e+06 4.871864653575e+06 -2.121666762320e+06
-3.812521860413e+06 5.860356831128e+06 -1.136590500908e+06 4.092254259678e+06 4.887174035980e+06 -2.176701954297e+06
-3.792672248545e+06 5.858574155101e+06 -1.209830225826e+06 4.044813390742e+06 4.901917358796e+06 -2.231453225969e+06
-3.772402361781e+06 5.856108197698e+06 -1.282934249564e+06 3.996868151084e+06 4.916093462648e+06 -2.285913432393e+06
-3.751715442471e+06 5.852958634803e+06 -1.355894372374e+06 3.948423949085e+06 4.929701217919e+06 -2.340075466342e+06
-3.730614779983e+06 5.849125223160e+06 -1.428702410648e+06 3.899486256524e+06 4.942739561246e+06 -2.393932259224e+06
-3.709103761677e+06 5.844607767813e+06 -1.501350197840e+06 3.850060564350e+06 4.955207529471e+06 -2.447476781998e+06
-3.687185769413e+06 5.839406188052e+06 -1.573829585374e+06 3.800152468962e+06 4.967104190605e+06 -2.500702046093e+06
-3.664864230613e+06 5.833520484273e+06 -1.646132443568e+06 3.749767628305e+06 4.978428679049e+06 -2.553601104308e+06
-3.642142669065e+06 5.826950705978e+06 -1.718250662536e+06 3.698911717310e+06 4.989180228194e+06 -2.606167051722e+06
-3.619024584599e+06 5.819697027162e+06 -1.790176153103e+06 3.647590529465e+06 4.999358093278e+06 -2.658393026586e+06
-3.595513589402e+06 5.811759660613e+06 -1.861900847714e+06 3.595809859205e+06 5.008961638806e+06 -2.710272211217e+06
-3.571613287860e+06 5.803138932682e+06 -1.933416701334e+06 3.543575603752e+06 5.017990262742e+06 -2.761797832882e+06
