3.671742842562e+01
4.362488067855e+01
5.111227169825e+01
5.846120008530e+01
6.561358403331e+01
7.251400488480e+01
7.910960145215e+01
8.535012563137e+01
9.118813549880e+01
9.657926784281e+01
1.014825699293e+02
1.058608382348e+02
1.096829526862e+02
1.129168113106e+02
1.155382203385e+02
1.175275751981e+02
1.188699721880e+02
1.195553322874e+02
1.195785054767e+02
1.196062011114e+02
1.190348710298e+02
1.178054329090e+02
1.159269354292e+02
1.134136796549e+02
1.102848077629e+02
1.065641518018e+02
1.022800475659e+02
9.746511543871e+01
9.215604616619e+01
9.260133537074e+01
9.328124117645e+01
9.393899779533e+01
9.458372457697e+01
9.521943791336e+01
9.584820399771e+01
9.647086377090e+01
9.708760033339e+01
9.769830420560e+01
9.830289504703e+01
9.890137934523e+01
9.949441293506e+01
1.000820855449e+02
1.006619207098e+02
1.012338058782e+02
1.017977170995e+02
1.023536762015e+02
1.029017140863e+02
1.034418432180e+02
1.039740432066e+02
1.044985325180e+02
1.050148620201e+02
1.055229344274e+02
1.060227235985e+02
1.065142089357e+02
1.069973673679e+02
1.074721687276e+02
1.079385829398e+02
1.083965954689e+02
1.088460857125e+02
1.092870049978e+02
1.097193055451e+02
1.101429401675e+02
1.105578622447e+02
1.109640256408e+02
1.113613902819e+02
1.117499077319e+02
1.121295278392e+02
1.125002090047e+02
1.128619108257e+02
1.132145937990e+02
1.135582191725e+02
1.138927488829e+02
1.142181471713e+02
1.145343753202e+02
1.148413975225e+02
1.151391793439e+02
1.154276873961e+02
1.157068893421e+02
1.159767538756e+02
1.162372506884e+02
1.164883507393e+02
1.167300255352e+02
1.169622479341e+02
1.171849919139e+02
1.173982325141e+02
1.176019458392e+02
1.177961091340e+02
1.179807004967e+02
1.181556992137e+02
1.183210856494e+02
1.184768412485e+02
1.186229485373e+02
1.187593911261e+02
1.188861537104e+02
1.190032220725e+02
1.191105830832e+02
1.192082247033e+02
1.192961359846e+02
1.193743070721e+02
1.194427292040e+02
1.195013947138e+02
1.195502970305e+02
1.195894306798e+02
1.196187912843e+02
1.196383755644e+02
1.196481813384e+02
1.196482075225e+02
1.196384541316e+02
1.196189222784e+02
1.195896141739e+02
1.195505331267e+02
1.195867055052e+02
1.196168351324e+02
1.196371887610e+02
1.196477641253e+02
1.196485600581e+02
1.196395764901e+02
1.196208144502e+02
1.195922760655e+02
1.195539645609e+02
1.195058842585e+02
1.194480405776e+02
1.193804400338e+02
1.193030902380e+02
1.192159998963e+02
1.191191788080e+02
1.190126378655e+02
1.188963890521e+02
1.187704454415e+02
1.186348211959e+02
1.184895315641e+02
1.183345928806e+02
1.181700225630e+02
1.179958391104e+02
1.178120621010e+02
1.176187121905e+02
1.174158111090e+02
1.172033816592e+02
1.169814477134e+02
1.167500342110e+02
1.165091671556e+02
1.162588736122e+02
1.159991817040e+02
1.157301206094e+02
1.154517205584e+02
1.151640128296e+02
1.148670297463e+02
1.145608046731e+02
1.142453720122e+02
1.139207671992e+02
1.135870266994e+02
1.132441880035e+02
1.128922896236e+02
1.125313710886e+02
1.121614729401e+02
1.117826367274e+02
1.113949050030e+02
1.109983213182e+02
1.105929302174e+02
1.101787772338e+02
1.097559088840e+02
1.093243726626e+02
1.088842170372e+02
1.084354914428e+02
1.079782462759e+02
1.075125328895e+02
1.070384035868e+02
1.065559116153e+02
1.060651111613e+02
1.055660573433e+02
1.050588062060e+02
1.045434147140e+02
1.040199407453e+02
1.034884430849e+02
1.029489814182e+02
1.024016163242e+02
1.018464092687e+02
1.012834225973e+02
1.007127195287e+02
1.001343641473e+02
9.954842139609e+01
9.895495706921e+01
9.835403780483e+01
9.774573107745e+01
9.713010519036e+01
9.650722926799e+01
9.587717324810e+01
9.524000787395e+01
9.459580468632e+01
9.394463601548e+01
9.328657497308e+01
9.262169544388e+01
9.195007207752e+01
9.127178028005e+01
9.058689620551e+01
8.989549674735e+01
8.919765952981e+01
8.849346289916e+01
8.778298591493e+01
8.706630834099e+01
8.634351063664e+01
8.561467394753e+01
8.487988009654e+01
8.413921157462e+01
8.339275153148e+01
8.264058376629e+01
8.188279271824e+01
8.111946345705e+01
8.035068167345e+01
7.957653366950e+01
7.879710634896e+01
7.801248720747e+01
7.722276432274e+01
7.642802634470e+01
7.562836248548e+01
7.482386250944e+01
7.401461672304e+01
7.320071596476e+01
7.238225159485e+01
7.155931548510e+01
7.073200000851e+01
6.990039802891e+01
6.906460289055e+01
6.822470840762e+01
6.738080885371e+01
6.653299895122e+01
6.568137386074e+01
6.482602917036e+01
6.396706088492e+01
6.310456541528e+01
6.223863956746e+01
6.136938053177e+01
6.049688587194e+01
5.962125351411e+01
5.874258173591e+01
5.786096915535e+01
5.697651471984e+01
5.608931769501e+01
5.519947765360e+01
5.430709446429e+01
5.341226828048e+01
5.251509952907e+01
5.161568889918e+01
5.071413733084e+01
4.981054600368e+01
4.890501632557e+01
4.799764992124e+01
4.708854862090e+01
4.617781444876e+01
4.526554961166e+01
4.435185648753e+01
4.343683761397e+01
4.252059567670e+01
4.160323349804e+01
4.068485402541e+01
3.976556031977e+01
3.884545554403e+01
3.792464295151e+01
3.700322587436e+01
3.735593839106e+01
3.827713425287e+01
3.919768433668e+01
4.011748534481e+01
4.103643406420e+01
4.195442737799e+01
4.287136227704e+01
4.378713587155e+01
4.470164540254e+01
4.561478825341e+01
4.652646196142e+01
4.743656422920e+01
4.834499293619e+01
4.925164615014e+01
5.015642213848e+01
5.105921937977e+01
5.195993657507e+01
5.285847265928e+01
5.375472681248e+01
5.464859847127e+01
5.553998733997e+01
5.642879340193e+01
5.731491693072e+01
5.819825850128e+01
5.907871900111e+01
5.995619964138e+01
6.083060196795e+01
6.170182787246e+01
6.256977960332e+01
6.343435977664e+01
6.429547138717e+01
6.515301781916e+01
6.600690285721e+01
6.685703069702e+01
6.770330595616e+01
6.854563368475e+01
6.938391937608e+01
7.021806897724e+01
7.104798889965e+01
7.187358602953e+01
7.269476773835e+01
7.351144189321e+01
7.432351686716e+01
7.513090154950e+01
7.593350535593e+01
7.673123823875e+01
7.752401069695e+01
7.831173378622e+01
7.909431912892e+01
7.987167892400e+01
8.064372595683e+01
8.141037360896e+01
8.217153586785e+01
8.292712733651e+01
8.367706324304e+01
8.442125945015e+01
8.515963246461e+01
8.589209944656e+01
8.661857821882e+01
8.733898727611e+01
8.805324579414e+01
8.876127363874e+01
8.946299137475e+01
9.015832027500e+01
9.084718232909e+01
