6.355434e-01 -3.099752e-01 5.862181e-01 3.954091e-01
6.384897e-01 -3.119841e-01 5.829954e-01 3.938441e-01
6.415398e-01 -3.140304e-01 5.796513e-01 3.921938e-01
6.446231e-01 -3.161000e-01 5.762372e-01 3.905030e-01
6.477001e-01 -3.181768e-01 5.727880e-01 3.887956e-01
6.507563e-01 -3.202513e-01 5.693192e-01 3.870801e-01
6.537875e-01 -3.223181e-01 5.658372e-01 3.853586e-01
6.567935e-01 -3.243745e-01 5.623438e-01 3.836312e-01
6.597756e-01 -3.264194e-01 5.588391e-01 3.818971e-01
6.627351e-01 -3.284525e-01 5.553220e-01 3.801560e-01
6.656731e-01 -3.304733e-01 5.517918e-01 3.784080e-01
6.685899e-01 -3.324814e-01 5.482483e-01 3.766530e-01
6.714860e-01 -3.344769e-01 5.446920e-01 3.748899e-01
6.743617e-01 -3.364600e-01 5.411232e-01 3.731174e-01
6.772176e-01 -3.384316e-01 5.375418e-01 3.713345e-01
6.800539e-01 -3.403922e-01 5.339473e-01 3.695404e-01
6.828709e-01 -3.423426e-01 5.303393e-01 3.677351e-01
6.856688e-01 -3.442830e-01 5.267172e-01 3.659188e-01
6.884476e-01 -3.462138e-01 5.230805e-01 3.640916e-01
6.912073e-01 -3.481351e-01 5.194290e-01 3.622539e-01
6.939479e-01 -3.500472e-01 5.157625e-01 3.604058e-01
6.966692e-01 -3.519499e-01 5.120810e-01 3.585475e-01
6.993710e-01 -3.538433e-01 5.083848e-01 3.566791e-01
7.020533e-01 -3.557271e-01 5.046741e-01 3.548005e-01
7.047159e-01 -3.576013e-01 5.009490e-01 3.529120e-01
7.073588e-01 -3.594657e-01 4.972098e-01 3.510135e-01
7.099817e-01 -3.613199e-01 4.934566e-01 3.491052e-01
7.125847e-01 -3.631640e-01 4.896897e-01 3.471871e-01
7.151678e-01 -3.649979e-01 4.859091e-01 3.452592e-01
7.178836e-01 -3.669001e-01 4.819049e-01 3.432131e-01
7.204484e-01 -3.687429e-01 4.780399e-01 3.412633e-01
7.229445e-01 -3.705484e-01 4.742342e-01 3.393332e-01
7.254097e-01 -3.723305e-01 4.704418e-01 3.373947e-01
7.278580e-01 -3.740973e-01 4.666415e-01 3.354395e-01
7.302930e-01 -3.758532e-01 4.628242e-01 3.334670e-01
7.327146e-01 -3.776002e-01 4.589873e-01 3.314787e-01
7.351212e-01 -3.793389e-01 4.551306e-01 3.294769e-01
7.375113e-01 -3.810687e-01 4.512552e-01 3.274637e-01
7.398838e-01 -3.827886e-01 4.473623e-01 3.254411e-01
7.422381e-01 -3.844978e-01 4.434518e-01 3.234107e-01
7.445740e-01 -3.861969e-01 4.395237e-01 3.213727e-01
7.468907e-01 -3.878868e-01 4.355786e-01 3.193264e-01
7.491874e-01 -3.895682e-01 4.316179e-01 3.172710e-01
7.514634e-01 -3.912409e-01 4.276430e-01 3.152059e-01
7.537183e-01 -3.929045e-01 4.236550e-01 3.131312e-01
7.559519e-01 -3.945582e-01 4.196549e-01 3.110471e-01
7.581640e-01 -3.962015e-01 4.156431e-01 3.089539e-01
7.603546e-01 -3.978338e-01 4.116200e-01 3.068519e-01
7.625238e-01 -3.994546e-01 4.075859e-01 3.047413e-01
7.646714e-01 -4.010638e-01 4.035409e-01 3.026222e-01
7.667976e-01 -4.026613e-01 3.994851e-01 3.004946e-01
7.689021e-01 -4.042471e-01 3.954187e-01 2.983586e-01
7.709851e-01 -4.058214e-01 3.913415e-01 2.962141e-01
7.730465e-01 -4.073841e-01 3.872536e-01 2.940612e-01
7.750862e-01 -4.089353e-01 3.831549e-01 2.919000e-01
7.771042e-01 -4.104751e-01 3.790454e-01 2.897306e-01
7.791004e-01 -4.120035e-01 3.749252e-01 2.875531e-01
7.810747e-01 -4.135205e-01 3.707944e-01 2.853675e-01
7.830272e-01 -4.150259e-01 3.666531e-01 2.831738e-01
7.849577e-01 -4.165197e-01 3.625015e-01 2.809723e-01
7.868662e-01 -4.180020e-01 3.583396e-01 2.787628e-01
7.887526e-01 -4.194725e-01 3.541677e-01 2.765456e-01
7.906169e-01 -4.209313e-01 3.499858e-01 2.743206e-01
7.924590e-01 -4.223783e-01 3.457941e-01 2.720878e-01
7.942789e-01 -4.238134e-01 3.415927e-01 2.698475e-01
7.960765e-01 -4.252366e-01 3.373818e-01 2.675996e-01
7.978518e-01 -4.266479e-01 3.331615e-01 2.653442e-01
7.996047e-01 -4.280472e-01 3.289318e-01 2.630814e-01
8.013352e-01 -4.294344e-01 3.246929e-01 2.608111e-01
8.030433e-01 -4.308097e-01 3.204449e-01 2.585336e-01
8.047288e-01 -4.321728e-01 3.161879e-01 2.562488e-01
8.063917e-01 -4.335239e-01 3.119220e-01 2.539568e-01
8.080321e-01 -4.348628e-01 3.076474e-01 2.516577e-01
8.096497e-01 -4.361895e-01 3.033642e-01 2.493516e-01
8.112447e-01 -4.375040e-01 2.990724e-01 2.470384e-01
8.128169e-01 -4.388062e-01 2.947723e-01 2.447183e-01
8.143664e-01 -4.400961e-01 2.904639e-01 2.423914e-01
8.158930e-01 -4.413736e-01 2.861473e-01 2.400577e-01
8.173967e-01 -4.426388e-01 2.818228e-01 2.377172e-01
8.188775e-01 -4.438916e-01 2.774903e-01 2.353701e-01
8.203353e-01 -4.451319e-01 2.731500e-01 2.330163e-01
8.217702e-01 -4.463597e-01 2.688021e-01 2.306561e-01
8.231820e-01 -4.475750e-01 2.644466e-01 2.282893e-01
8.245707e-01 -4.487778e-01 2.600838e-01 2.259162e-01
8.259362e-01 -4.499680e-01 2.557136e-01 2.235367e-01
8.272787e-01 -4.511456e-01 2.513363e-01 2.211510e-01
8.285979e-01 -4.523105e-01 2.469519e-01 2.187590e-01
8.298939e-01 -4.534627e-01 2.425606e-01 2.163610e-01
8.311666e-01 -4.546022e-01 2.381625e-01 2.139568e-01
8.324160e-01 -4.557290e-01 2.337577e-01 2.115467e-01
8.336421e-01 -4.568430e-01 2.293464e-01 2.091306e-01
8.348448e-01 -4.579442e-01 2.249286e-01 2.067087e-01
8.360240e-01 -4.590325e-01 2.205045e-01 2.042809e-01
8.371799e-01 -4.601080e-01 2.160742e-01 2.018475e-01
8.383122e-01 -4.611706e-01 2.116379e-01 1.994084e-01
8.394211e-01 -4.622202e-01 2.071957e-01 1.969636e-01
8.405064e-01 -4.632569e-01 2.027476e-01 1.945134e-01
8.415682e-01 -4.642805e-01 1.982938e-01 1.920577e-01
8.426063e-01 -4.652912e-01 1.938345e-01 1.895966e-01
8.436208e-01 -4.662888e-01 1.893698e-01 1.871302e-01
8.446117e-01 -4.672734e-01 1.848997e-01 1.846586e-01
8.455789e-01 -4.682448e-01 1.804245e-01 1.821818e-01
8.465223e-01 -4.692031e-01 1.759442e-01 1.796998e-01
8.474421e-01 -4.701483e-01 1.714589e-01 1.772129e-01
8.483380e-01 -4.710802e-01 1.669689e-01 1.747209e-01
8.492102e-01 -4.719990e-01 1.624742e-01 1.722241e-01
8.500586e-01 -4.729045e-01 1.579749e-01 1.697224e-01
8.508831e-01 -4.737968e-01 1.534712e-01 1.672160e-01
8.516838e-01 -4.746757e-01 1.489632e-01 1.647049e-01
8.524605e-01 -4.755414e-01 1.444510e-01 1.621892e-01
8.532134e-01 -4.763937e-01 1.399347e-01 1.596689e-01
8.539424e-01 -4.772327e-01 1.354146e-01 1.571441e-01
8.546474e-01 -4.780583e-01 1.308906e-01 1.546150e-01
8.553284e-01 -4.788705e-01 1.263630e-01 1.520815e-01
8.559855e-01 -4.796692e-01 1.218318e-01 1.495437e-01
8.566185e-01 -4.804545e-01 1.172972e-01 1.470017e-01
8.572276e-01 -4.812263e-01 1.127593e-01 1.444557e-01
8.578126e-01 -4.819847e-01 1.082182e-01 1.419055e-01
8.583735e-01 -4.827295e-01 1.036742e-01 1.393514e-01
8.589104e-01 -4.834608e-01 9.912718e-02 1.367934e-01
8.594232e-01 -4.841785e-01 9.457741e-02 1.342315e-01
8.599119e-01 -4.848826e-01 9.002499e-02 1.316659e-01
8.603764e-01 -4.855732e-01 8.547005e-02 1.290966e-01
8.608169e-01 -4.862501e-01 8.091270e-02 1.265237e-01
8.612332e-01 -4.869134e-01 7.635309e-02 1.239472e-01
8.616253e-01 -4.875631e-01 7.179134e-02 1.213672e-01
8.619933e-01 -4.881991e-01 6.722758e-02 1.187839e-01
8.623372e-01 -4.888213e-01 6.266193e-02 1.161972e-01
8.626568e-01 -4.894299e-01 5.809452e-02 1.136073e-01
8.629523e-01 -4.900248e-01 5.352549e-02 1.110141e-01
8.632235e-01 -4.906059e-01 4.895495e-02 1.084179e-01
8.634706e-01 -4.911732e-01 4.438304e-02 1.058186e-01
8.636934e-01 -4.917268e-01 3.980989e-02 1.032163e-01
8.638920e-01 -4.922666e-01 3.523562e-02 1.006112e-01
8.640664e-01 -4.927926e-01 3.066036e-02 9.800322e-02
8.642166e-01 -4.933048e-01 2.608424e-02 9.539251e-02
8.643425e-01 -4.938031e-01 2.150739e-02 9.277912e-02
8.644442e-01 -4.942876e-01 1.692994e-02 9.016312e-02
8.645216e-01 -4.947582e-01 1.235201e-02 8.754460e-02
8.645749e-01 -4.952150e-01 7.773738e-03 8.492362e-02
8.646038e-01 -4.956578e-01 3.195246e-03 8.230027e-02
8.646085e-01 -4.960868e-01 -1.383335e-03 7.967460e-02
8.645890e-01 -4.965019e-01 -5.961878e-03 7.704670e-02
8.645452e-01 -4.969030e-01 -1.054025e-02 7.441664e-02
8.644772e-01 -4.972902e-01 -1.511833e-02 7.178449e-02
8.643850e-01 -4.976635e-01 -1.969599e-02 6.915033e-02
8.642685e-01 -4.980228e-01 -2.427309e-02 6.651423e-02
8.641277e-01 -4.983681e-01 -2.884952e-02 6.387627e-02
8.639628e-01 -4.986995e-01 -3.342513e-02 6.123651e-02
8.637736e-01 -4.990168e-01 -3.799981e-02 5.859504e-02
8.635602e-01 -4.993202e-01 -4.257342e-02 5.595192e-02
8.633226e-01 -4.996096e-01 -4.714583e-02 5.330724e-02
8.630607e-01 -4.998850e-01 -5.171693e-02 5.066106e-02
8.627747e-01 -5.001463e-01 -5.628657e-02 4.801346e-02
8.624645e-01 -5.003937e-01 -6.085464e-02 4.536451e-02
8.621301e-01 -5.006270e-01 -6.542100e-02 4.271429e-02
8.617715e-01 -5.008462e-01 -6.998553e-02 4.006288e-02
8.613887e-01 -5.010514e-01 -7.454809e-02 3.741034e-02
8.609818e-01 -5.012426e-01 -7.910856e-02 3.475675e-02
8.605507e-01 -5.014197e-01 -8.366682e-02 3.210218e-02
8.600956e-01 -5.015828e-01 -8.822272e-02 2.944672e-02
8.596163e-01 -5.017317e-01 -9.277616e-02 2.679043e-02
8.591129e-01 -5.018667e-01 -9.732699e-02 2.413339e-02
8.585854e-01 -5.019875e-01 -1.018751e-01 2.147567e-02
8.580338e-01 -5.020943e-01 -1.064203e-01 1.881735e-02
8.574581e-01 -5.021870e-01 -1.109626e-01 1.615850e-02
8.568585e-01 -5.022656e-01 -1.155018e-01 1.349920e-02
8.562348e-01 -5.023301e-01 -1.200377e-01 1.083952e-02
8.555870e-01 -5.023805e-01 -1.245702e-01 8.179542e-03
8.549153e-01 -5.024169e-01 -1.290993e-01 5.519329e-03
8.542196e-01 -5.024391e-01 -1.336247e-01 2.858962e-03
8.535000e-01 -5.024473e-01 -1.381464e-01 1.985144e-04
8.527564e-01 -5.024414e-01 -1.426642e-01 -2.461939e-03
8.519890e-01 -5.024213e-01 -1.471780e-01 -5.122323e-03
8.511976e-01 -5.023872e-01 -1.516877e-01 -7.782563e-03
8.503823e-01 -5.023391e-01 -1.561931e-01 -1.044258e-02
8.495433e-01 -5.022768e-01 -1.606942e-01 -1.310231e-02
8.486803e-01 -5.022004e-01 -1.651907e-01 -1.576168e-02
8.477936e-01 -5.021100e-01 -1.696826e-01 -1.842060e-02
8.468832e-01 -5.020055e-01 -1.741698e-01 -2.107900e-02
8.459489e-01 -5.018869e-01 -1.786521e-01 -2.373681e-02
8.449910e-01 -5.017542e-01 -1.831293e-01 -2.639396e-02
8.440093e-01 -5.016074e-01 -1.876014e-01 -2.905036e-02
8.430040e-01 -5.014466e-01 -1.920683e-01 -3.170596e-02
8.419751e-01 -5.012718e-01 -1.965298e-01 -3.436066e-02
8.409225e-01 -5.010828e-01 -2.009858e-01 -3.701440e-02
8.398464e-01 -5.008799e-01 -2.054361e-01 -3.966710e-02
8.387467e-01 -5.006628e-01 -2.098807e-01 -4.231869e-02
8.376234e-01 -5.004318e-01 -2.143193e-01 -4.496909e-02
8.364767e-01 -5.001867e-01 -2.187520e-01 -4.761823e-02
8.353066e-01 -4.999276e-01 -2.231786e-01 -5.026604e-02
8.341130e-01 -4.996544e-01 -2.275988e-01 -5.291243e-02
8.328960e-01 -4.993673e-01 -2.320127e-01 -5.555735e-02
8.316557e-01 -4.990661e-01 -2.364201e-01 -5.820070e-02
8.303920e-01 -4.987510e-01 -2.408209e-01 -6.084242e-02
8.291051e-01 -4.984218e-01 -2.452149e-01 -6.348244e-02
8.277949e-01 -4.980787e-01 -2.496021e-01 -6.612068e-02
8.264615e-01 -4.977217e-01 -2.539822e-01 -6.875706e-02
8.251050e-01 -4.973506e-01 -2.583552e-01 -7.139151e-02
8.237253e-01 -4.969656e-01 -2.627210e-01 -7.402397e-02
8.223224e-01 -4.965667e-01 -2.670794e-01 -7.665434e-02
8.208966e-01 -4.961539e-01 -2.714303e-01 -7.928257e-02
8.194477e-01 -4.957271e-01 -2.757736e-01 -8.190857e-02
8.179758e-01 -4.952865e-01 -2.801092e-01 -8.453228e-02
8.164810e-01 -4.948319e-01 -2.844369e-01 -8.715362e-02
8.149633e-01 -4.943635e-01 -2.887566e-01 -8.977251e-02
8.134228e-01 -4.938812e-01 -2.930683e-01 -9.238889e-02
8.118594e-01 -4.933851e-01 -2.973717e-01 -9.500267e-02
8.102733e-01 -4.928751e-01 -3.016668e-01 -9.761379e-02
8.086644e-01 -4.923513e-01 -3.059534e-01 -1.002222e-01
8.070329e-01 -4.918138e-01 -3.102314e-01 -1.028277e-01
8.053788e-01 -4.912624e-01 -3.145008e-01 -1.054304e-01
8.037020e-01 -4.906972e-01 -3.187613e-01 -1.080302e-01
8.020028e-01 -4.901183e-01 -3.230129e-01 -1.106269e-01
8.002810e-01 -4.895256e-01 -3.272554e-01 -1.132205e-01
7.985368e-01 -4.889192e-01 -3.314888e-01 -1.158109e-01
7.967702e-01 -4.882991e-01 -3.357129e-01 -1.183981e-01
7.949812e-01 -4.876653e-01 -3.399275e-01 -1.209819e-01
7.931700e-01 -4.870179e-01 -3.441326e-01 -1.235624e-01
7.913365e-01 -4.863567e-01 -3.483281e-01 -1.261394e-01
7.894809e-01 -4.856820e-01 -3.525138e-01 -1.287129e-01
7.876031e-01 -4.849936e-01 -3.566896e-01 -1.312827e-01
7.857032e-01 -4.842916e-01 -3.608554e-01 -1.338489e-01
7.837813e-01 -4.835760e-01 -3.650111e-01 -1.364113e-01
7.818374e-01 -4.828469e-01 -3.691565e-01 -1.389699e-01
7.798715e-01 -4.821043e-01 -3.732916e-01 -1.415246e-01
7.778838e-01 -4.813481e-01 -3.774163e-01 -1.440753e-01
7.758743e-01 -4.805784e-01 -3.815303e-01 -1.466220e-01
7.738431e-01 -4.797952e-01 -3.856337e-01 -1.491646e-01
7.717901e-01 -4.789986e-01 -3.897262e-01 -1.517030e-01
7.697155e-01 -4.781886e-01 -3.938078e-01 -1.542372e-01
7.676193e-01 -4.773651e-01 -3.978784e-01 -1.567670e-01
7.655016e-01 -4.765283e-01 -4.019378e-01 -1.592924e-01
7.633624e-01 -4.756781e-01 -4.059859e-01 -1.618133e-01
7.612018e-01 -4.748146e-01 -4.100227e-01 -1.643298e-01
7.590199e-01 -4.739377e-01 -4.140479e-01 -1.668416e-01
7.568167e-01 -4.730476e-01 -4.180616e-01 -1.693487e-01
7.545923e-01 -4.721442e-01 -4.220635e-01 -1.718511e-01
7.523467e-01 -4.712275e-01 -4.260536e-01 -1.743486e-01
7.500800e-01 -4.702976e-01 -4.300317e-01 -1.768413e-01
7.477922e-01 -4.693546e-01 -4.339978e-01 -1.793290e-01
7.454836e-01 -4.683984e-01 -4.379517e-01 -1.818117e-01
7.431540e-01 -4.674290e-01 -4.418934e-01 -1.842893e-01
7.408035e-01 -4.664466e-01 -4.458226e-01 -1.867617e-01
7.384323e-01 -4.654511e-01 -4.497394e-01 -1.892289e-01
7.360404e-01 -4.644425e-01 -4.536435e-01 -1.916908e-01
7.336278e-01 -4.634209e-01 -4.575349e-01 -1.941473e-01
7.311947e-01 -4.623863e-01 -4.614135e-01 -1.965983e-01
7.287410e-01 -4.613387e-01 -4.652791e-01 -1.990439e-01
7.262670e-01 -4.602782e-01 -4.691317e-01 -2.014838e-01
7.237725e-01 -4.592048e-01 -4.729711e-01 -2.039181e-01
7.212578e-01 -4.581185e-01 -4.767973e-01 -2.063467e-01
7.187229e-01 -4.570193e-01 -4.806101e-01 -2.087696e-01
7.161677e-01 -4.559074e-01 -4.844094e-01 -2.111865e-01
7.135925e-01 -4.547826e-01 -4.881952e-01 -2.135975e-01
7.109973e-01 -4.536452e-01 -4.919672e-01 -2.160026e-01
7.083822e-01 -4.524949e-01 -4.957255e-01 -2.184016e-01
7.057472e-01 -4.513320e-01 -4.994698e-01 -2.207944e-01
7.030924e-01 -4.501565e-01 -5.032002e-01 -2.231811e-01
7.004179e-01 -4.489683e-01 -5.069164e-01 -2.255615e-01
6.977237e-01 -4.477675e-01 -5.106184e-01 -2.279356e-01
6.950100e-01 -4.465542e-01 -5.143061e-01 -2.303033e-01
6.922768e-01 -4.453284e-01 -5.179794e-01 -2.326645e-01
6.895242e-01 -4.440900e-01 -5.216382e-01 -2.350192e-01
6.867522e-01 -4.428393e-01 -5.252823e-01 -2.373673e-01
6.839610e-01 -4.415761e-01 -5.289117e-01 -2.397088e-01
6.811506e-01 -4.403005e-01 -5.325263e-01 -2.420436e-01
6.783211e-01 -4.390125e-01 -5.361259e-01 -2.443715e-01
6.754726e-01 -4.377123e-01 -5.397105e-01 -2.466926e-01
6.726052e-01 -4.363998e-01 -5.432800e-01 -2.490068e-01
6.697189e-01 -4.350750e-01 -5.468342e-01 -2.513140e-01
6.668138e-01 -4.337381e-01 -5.503731e-01 -2.536142e-01
6.638900e-01 -4.323889e-01 -5.538966e-01 -2.559072e-01
6.609475e-01 -4.310277e-01 -5.574045e-01 -2.581931e-01
6.579866e-01 -4.296544e-01 -5.608968e-01 -2.604717e-01
6.550072e-01 -4.282690e-01 -5.643734e-01 -2.627430e-01
6.520094e-01 -4.268716e-01 -5.678342e-01 -2.650070e-01
6.489934e-01 -4.254622e-01 -5.712790e-01 -2.672635e-01
6.459592e-01 -4.240409e-01 -5.747078e-01 -2.695125e-01
6.429068e-01 -4.226078e-01 -5.781205e-01 -2.717540e-01
6.398364e-01 -4.211627e-01 -5.815170e-01 -2.739879e-01
6.367481e-01 -4.197059e-01 -5.848971e-01 -2.762140e-01
6.336419e-01 -4.182373e-01 -5.882609e-01 -2.784325e-01
6.305179e-01 -4.167569e-01 -5.916082e-01 -2.806431e-01
6.273763e-01 -4.152649e-01 -5.949389e-01 -2.828458e-01
6.242171e-01 -4.137613e-01 -5.982529e-01 -2.850406e-01
6.210403e-01 -4.122460e-01 -6.015501e-01 -2.872275e-01
6.178462e-01 -4.107192e-01 -6.048305e-01 -2.894062e-01
6.146347e-01 -4.091808e-01 -6.080939e-01 -2.915769e-01
6.114060e-01 -4.076310e-01 -6.113402e-01 -2.937394e-01
6.081602e-01 -4.060697e-01 -6.145694e-01 -2.958936e-01
6.048973e-01 -4.044971e-01 -6.177814e-01 -2.980395e-01
6.016174e-01 -4.029131e-01 -6.209760e-01 -3.001771e-01
5.983207e-01 -4.013178e-01 -6.241533e-01 -3.023063e-01
5.950072e-01 -3.997113e-01 -6.273130e-01 -3.044270e-01
5.916770e-01 -3.980935e-01 -6.304551e-01 -3.065391e-01
5.883302e-01 -3.964646e-01 -6.335796e-01 -3.086427e-01
5.849669e-01 -3.948246e-01 -6.366863e-01 -3.107376e-01
5.815872e-01 -3.931735e-01 -6.397751e-01 -3.128238e-01
5.781912e-01 -3.915114e-01 -6.428460e-01 -3.149012e-01
5.747790e-01 -3.898383e-01 -6.458989e-01 -3.169698e-01
5.713506e-01 -3.881543e-01 -6.489337e-01 -3.190295e-01
5.679063e-01 -3.864594e-01 -6.519502e-01 -3.210802e-01
5.644460e-01 -3.847536e-01 -6.549485e-01 -3.231220e-01
5.609699e-01 -3.830371e-01 -6.579284e-01 -3.251547e-01
5.574781e-01 -3.813098e-01 -6.608899e-01 -3.271782e-01
5.539706e-01 -3.795718e-01 -6.638328e-01 -3.291926e-01
5.504476e-01 -3.778232e-01 -6.667572e-01 -3.311978e-01
5.469091e-01 -3.760640e-01 -6.696628e-01 -3.331937e-01
5.433554e-01 -3.742942e-01 -6.725496e-01 -3.351802e-01
5.397864e-01 -3.725140e-01 -6.754176e-01 -3.371573e-01
5.362022e-01 -3.707233e-01 -6.782667e-01 -3.391250e-01
5.326030e-01 -3.689222e-01 -6.810967e-01 -3.410832e-01
5.289889e-01 -3.671107e-01 -6.839076e-01 -3.430318e-01
5.253599e-01 -3.652890e-01 -6.866994e-01 -3.449708e-01
5.217163e-01 -3.634570e-01 -6.894719e-01 -3.469001e-01
5.180579e-01 -3.616148e-01 -6.922250e-01 -3.488197e-01
5.143851e-01 -3.597625e-01 -6.949588e-01 -3.507295e-01
5.106978e-01 -3.579001e-01 -6.976730e-01 -3.526295e-01
5.069962e-01 -3.560277e-01 -7.003677e-01 -3.545195e-01
5.032804e-01 -3.541453e-01 -7.030428e-01 -3.563997e-01
4.995505e-01 -3.522529e-01 -7.056981e-01 -3.582698e-01
4.958066e-01 -3.503507e-01 -7.083337e-01 -3.601299e-01
4.920488e-01 -3.484386e-01 -7.109494e-01 -3.619799e-01
