0.000000 -0.000000 0.000000
-0.001937 0.027574 0.000767
0.000211 0.034591 0.000774
0.002760 0.031759 0.000823
0.004510 0.025816 0.001134
0.005380 0.019595 0.001678
0.005603 0.014145 0.002361
0.005429 0.009717 0.003088
0.005027 0.006229 0.003769
0.004469 0.003513 0.004304
0.003782 0.001446 0.004596
0.003021 -0.000017 0.004605
0.002290 -0.000917 0.004390
0.001692 -0.001343 0.004061
0.001282 -0.001417 0.003718
0.001063 -0.001266 0.003421
0.001003 -0.000993 0.003188
0.001051 -0.000677 0.003010
0.001154 -0.000376 0.002868
0.001267 -0.000126 0.002749
0.001361 0.000052 0.002648
0.001423 0.000156 0.002571
0.001450 0.000195 0.002519
0.001449 0.000187 0.002492
0.001428 0.000150 0.002484
0.001397 0.000101 0.002488
0.001363 0.000052 0.002497
0.001333 0.000012 0.002507
0.001310 -0.000015 0.002514
0.003060 -0.033424 0.000297
0.000067 -0.040657 -0.000293
-0.002693 -0.036928 0.000209
-0.004110 -0.029871 0.001081
-0.004306 -0.022676 0.002003
-0.003689 -0.016507 0.002861
-0.002642 -0.011616 0.003627
-0.001434 -0.007869 0.004292
-0.000229 -0.004989 0.004810
0.000854 -0.002721 0.005064
0.001701 -0.000956 0.004945
0.002243 0.000288 0.004504
0.002494 0.001017 0.003921
0.002524 0.001315 0.003377
0.002415 0.001305 0.002972
0.002234 0.001107 0.002732
0.002026 0.000819 0.002629
0.001817 0.000512 0.002611
0.001622 0.000237 0.002629
0.001458 0.000024 0.002649
0.001334 -0.000115 0.002656
0.001255 -0.000184 0.002648
0.001218 -0.000197 0.002629
0.001214 -0.000171 0.002605
0.001232 -0.000126 0.002579
0.001259 -0.000076 0.002554
0.001288 -0.000030 0.002532
0.001311 0.000004 0.002514
0.001327 0.000025 0.002503
0.001335 0.000034 0.002496
0.001336 0.000034 0.002494
0.001332 0.000028 0.002494
0.001326 0.000020 0.002497
0.001319 0.000011 0.002500
0.001313 0.000003 0.002502
0.001309 -0.000002 0.002504
0.001306 -0.000005 0.002506
0.001305 -0.000006 0.002506
0.001305 -0.000006 0.002506
0.001306 -0.000005 0.002505
0.001307 -0.000003 0.002505
0.001308 -0.000001 0.002504
0.001309 -0.000000 0.002503
0.001310 0.000001 0.002503
0.001310 0.000001 0.002503
0.001310 0.000001 0.002503
0.001310 0.000001 0.002503
0.001310 0.000001 0.002503
0.001310 0.000001 0.002503
0.001310 0.000000 0.002503
0.001309 0.000000 0.002503
0.001309 -0.000000 0.002503
0.001309 -0.000000 0.002503
0.001309 -0.000000 0.002503
0.001309 -0.000000 0.002503
0.001309 -0.000000 0.002503
0.001309 0.000000 0.002503
0.001309 0.000000 0.002503
0.001309 0.000000 0.002503
0.001310 0.000000 0.002503
0.001310 0.000000 0.002503
0.001310 0.000000 0.002503
0.001310 0.000000 0.002503
0.001309 0.000000 0.002503
0.001309 0.000000 0.002503
0.001309 0.000000 0.002503
0.001309 0.000000 0.002503
0.001309 0.000000 0.002503
0.001309 0.000000 0.002503
0.001309 0.000000 0.002503
0.001309 0.000000 0.002503
0.001309 0.000000 0.002503
0.001309 0.000000 0.002503
0.001309 0.000000 0.002503
0.001309 0.000000 0.002503
0.001309 0.000000 0.002503
0.001309 0.000000 0.002503
0.001309 0.000000 0.002503
0.001309 0.000000 0.002503
0.001309 0.000000 0.002503
0.001309 0.000000 0.002503
0.001309 0.000000 0.002503
0.001309 0.000000 0.002503
0.001309 0.000000 0.002503
0.001309 0.000000 0.002503
0.001309 0.000000 0.002503
0.001309 0.000000 0.002503
0.001309 0.000000 0.002503
0.001309 0.000000 0.002503
0.001309 0.000000 0.002503
0.001309 0.000000 0.002503
0.001309 0.000000 0.002503
0.001309 0.000000 0.002503
0.001309 0.000000 0.002503
0.001309 0.000000 0.002503
0.001309 0.000000 0.002503
0.001309 0.000000 0.002503
0.001309 0.000000 0.002503
0.001309 0.000000 0.002503
0.001309 0.000000 0.002503
0.001309 0.000000 0.002503
0.001309 0.000000 0.002503
0.001309 0.000000 0.002503
0.001309 0.000000 0.002503
0.001309 0.000000 0.002503
0.001309 0.000000 0.002503
0.001309 0.000000 0.002503
0.001309 0.000000 0.002503
0.001309 0.000000 0.002503
0.001309 0.000000 0.002503
0.001309 0.000000 0.002503
0.001309 0.000000 0.002503
0.001309 0.000000 0.002503
0.001309 0.000000 0.002503
0.001309 0.000000 0.002503
0.001309 0.000000 0.002503
0.001309 0.000000 0.002503
0.001309 0.000000 0.002503
0.001309 0.000000 0.002503
0.001309 0.000000 0.002503
0.001309 0.000000 0.002503
0.001309 0.000000 0.002503
0.001309 0.000000 0.002503
0.001309 0.000000 0.002503
0.001309 0.000000 0.002503
0.001309 0.000000 0.002503
0.001309 0.000000 0.002503
0.001309 0.000000 0.002503
0.001309 0.000000 0.002503
0.001309 0.000000 0.002503
0.001309 0.000000 0.002503
0.001309 0.000000 0.002503
0.001309 0.000000 0.002503
0.001309 0.000000 0.002503
0.001309 0.000000 0.002503
0.001309 0.000000 0.002503
0.001309 0.000000 0.002503
0.001309 0.000000 0.002503
0.001309 0.000000 0.002503
0.001309 0.000000 0.002503
0.001309 0.000000 0.002503
0.001309 0.000000 0.002503
0.001309 0.000000 0.002503
0.001309 0.000000 0.002503
0.001309 0.000000 0.002503
0.001309 0.000000 0.002503
0.001309 0.000000 0.002503
0.001309 0.000000 0.002503
0.001309 0.000000 0.002503
0.001309 0.000000 0.002503
0.001309 0.000000 0.002503
0.001309 0.000000 0.002503
0.001309 0.000000 0.002503
0.001309 0.000000 0.002503
0.001309 0.000000 0.002503
0.001309 0.000000 0.002503
0.001309 0.000000 0.002503
0.001309 0.000000 0.002503
0.001309 0.000000 0.002503
0.001309 0.000000 0.002503
0.001309 0.000000 0.002503
0.001309 0.000000 0.002503
0.001309 0.000000 0.002503
0.001309 0.000000 0.002503
0.001309 0.000000 0.002503
0.001309 0.000000 0.002503
0.001309 0.000000 0.002503
0.001309 0.000000 0.002503
0.001309 0.000000 0.002503
0.001309 0.000000 0.002503
0.001309 0.000000 0.002503
0.001309 0.000000 0.002503
0.001309 0.000000 0.002503
0.001309 0.000000 0.002503
0.001309 0.000000 0.002503
0.001309 0.000000 0.002503
0.001309 0.000000 0.002503
0.001309 0.000000 0.002503
0.001309 0.000000 0.002503
0.001309 0.000000 0.002503
0.001309 0.000000 0.002503
0.001309 0.000000 0.002503
0.001309 0.000000 0.002503
0.001309 0.000000 0.002503
0.001309 0.000000 0.002503
0.001309 0.000000 0.002503
0.001309 0.000000 0.002503
0.001309 0.000000 0.002503
0.001309 0.000000 0.002503
0.001309 0.000000 0.002503
0.001309 0.000000 0.002503
0.001309 0.000000 0.002503
0.001309 0.000000 0.002503
0.001309 0.000000 0.002503
0.001309 0.000000 0.002503
0.001309 0.000000 0.002503
0.001309 0.000000 0.002503
0.001309 0.000000 0.002503
0.001309 0.000000 0.002503
0.001309 0.000000 0.002503
0.001309 0.000000 0.002503
0.001309 0.000000 0.002503
0.001309 0.000000 0.002503
0.001309 0.000000 0.002503
0.001309 0.000000 0.002503
0.001309 0.000000 0.002503
0.001309 0.000000 0.002503
0.001309 0.000000 0.002503
0.001309 0.000000 0.002503
0.001309 0.000000 0.002503
0.001309 0.000000 0.002503
0.001309 0.000000 0.002503
0.001309 0.000000 0.002503
0.001309 0.000000 0.002503
0.001309 0.000000 0.002503
0.001309 0.000000 0.002503
0.001309 0.000000 0.002503
0.001309 0.000000 0.002503
0.001309 0.000000 0.002503
0.001309 0.000000 0.002503
0.001309 0.000000 0.002503
0.001309 0.000000 0.002503
0.001309 0.000000 0.002503
0.001309 0.000000 0.002503
0.001309 0.000000 0.002503
0.001309 0.000000 0.002503
0.001309 0.000000 0.002503
0.001309 0.000000 0.002503
0.001309 0.000000 0.002503
0.001309 0.000000 0.002503
0.001309 0.000000 0.002503
0.001309 0.000000 0.002503
0.001309 0.000000 0.002503
0.001309 0.000000 0.002503
0.001309 0.000000 0.002503
0.001309 0.000000 0.002503
0.001309 0.000000 0.002503
0.001309 0.000000 0.002503
0.001309 0.000000 0.002503
0.001309 0.000000 0.002503
0.001309 0.000000 0.002503
0.001309 0.000000 0.002503
0.001309 0.000000 0.002503
0.001309 0.000000 0.002503
0.001309 0.000000 0.002503
0.001309 0.000000 0.002503
0.001309 0.000000 0.002503
0.001309 0.000000 0.002503
0.001309 0.000000 0.002503
0.001309 0.000000 0.002503
0.001309 0.000000 0.002503
0.001309 0.000000 0.002503
0.001309 0.000000 0.002503
0.001309 0.000000 0.002503
0.001309 0.000000 0.002503
0.001309 0.000000 0.002503
0.001309 0.000000 0.002503
0.001309 0.000000 0.002503
0.001309 0.000000 0.002503
0.001309 0.000000 0.002503
0.001309 0.000000 0.002503
0.001309 0.000000 0.002503
0.001309 0.000000 0.002503
0.001309 0.000000 0.002503
0.001309 0.000000 0.002503
0.001309 0.000000 0.002503
0.001309 0.000000 0.002503
0.001309 0.000000 0.002503
0.001309 0.000000 0.002503
0.001309 0.000000 0.002503
0.001309 0.000000 0.002503
0.001309 0.000000 0.002503
0.001309 0.000000 0.002503
0.001309 0.000000 0.002503
0.001309 0.000000 0.002503
0.001309 0.000000 0.002503
0.001309 0.000000 0.002503
0.001309 0.000000 0.002503
0.001309 0.000000 0.002503
0.001309 0.000000 0.002503
0.001309 0.000000 0.002503
0.001309 0.000000 0.002503
0.001309 0.000000 0.002503
0.001309 0.000000 0.002503
0.001309 0.000000 0.002503
0.001309 0.000000 0.002503
0.001309 0.000000 0.002503
0.001309 0.000000 0.002503
0.001309 0.000000 0.002503
0.001309 0.000000 0.002503
0.001309 0.000000 0.002503
0.001309 0.000000 0.002503
0.001309 0.000000 0.002503
0.001309 0.000000 0.002503
0.001309 0.000000 0.002503
