-2.710505e-20 -1.059087e-03  0.000000e+00  0.000000e+00 -2.368192e-05  3.668311e-05 -1.542324e-05 
 1.618578e-06 -1.031270e-03  3.236065e-07 -8.726043e-03 -2.291257e-05  3.564386e-05 -1.465819e-05 
 4.718798e-06 -1.058255e-03 -7.597258e-08 -8.726411e-03 -2.322965e-05  3.628393e-05 -1.453294e-05 
 3.853428e-06 -1.067965e-03  3.568379e-07 -8.726574e-03 -2.355396e-05  3.692310e-05 -1.428030e-05 
 2.215917e-06 -1.070188e-03  8.551843e-07 -8.726642e-03 -2.378556e-05  3.741564e-05 -1.392043e-05 
 8.421307e-07 -1.069423e-03  1.198530e-06 -8.726667e-03 -2.392152e-05  3.775933e-05 -1.348810e-05 
-6.415872e-08 -1.067713e-03  1.359660e-06 -8.726673e-03 -2.398714e-05  3.799338e-05 -1.301178e-05 
-5.939774e-07 -1.065948e-03  1.356006e-06 -8.726670e-03 -2.401151e-05  3.816189e-05 -1.250776e-05 
-9.182550e-07 -1.064454e-03  1.185579e-06 -8.726666e-03 -2.401910e-05  3.830098e-05 -1.197859e-05 
-1.174589e-06 -1.063239e-03  8.279838e-07 -8.726663e-03 -2.402383e-05  3.843029e-05 -1.141886e-05 
-1.373532e-06 -1.062160e-03  3.290844e-07 -8.726662e-03 -2.402289e-05  3.854650e-05 -1.083534e-05 
-1.420095e-06 -1.061131e-03 -1.518631e-07 -8.726661e-03 -2.400415e-05  3.863591e-05 -1.025872e-05 
-1.265069e-06 -1.060211e-03 -4.657317e-07 -8.726658e-03 -2.396393e-05  3.869752e-05 -9.718763e-06 
-9.633198e-07 -1.059485e-03 -5.791004e-07 -8.726655e-03 -2.391027e-05  3.874457e-05 -9.221744e-06 
-6.122233e-07 -1.058986e-03 -5.456937e-07 -8.726652e-03 -2.385422e-05  3.879213e-05 -8.755764e-06 
-2.932685e-07 -1.058690e-03 -4.431257e-07 -8.726649e-03 -2.380370e-05  3.884982e-05 -8.303900e-06 
-5.359076e-08 -1.058554e-03 -3.348681e-07 -8.726647e-03 -2.376236e-05  3.892125e-05 -7.852261e-06 
 9.064353e-08 -1.058535e-03 -2.545654e-07 -8.726646e-03 -2.373064e-05  3.900613e-05 -7.393236e-06 
 1.464128e-07 -1.058597e-03 -2.046471e-07 -8.726645e-03 -2.370685e-05  3.910190e-05 -6.925751e-06 
 1.362288e-07 -1.058710e-03 -1.687933e-07 -8.726644e-03 -2.368797e-05  3.920455e-05 -6.452853e-06 
 8.869316e-08 -1.058842e-03 -1.310327e-07 -8.726644e-03 -2.367048e-05  3.930926e-05 -5.977987e-06 
 2.900780e-08 -1.058966e-03 -8.676693e-08 -8.726645e-03 -2.365134e-05  3.941149e-05 -5.502696e-06 
-2.602173e-08 -1.059065e-03 -4.117232e-08 -8.726645e-03 -2.362855e-05  3.950790e-05 -5.026690e-06 
-6.786833e-08 -1.059132e-03 -2.178681e-09 -8.726646e-03 -2.360108e-05  3.959657e-05 -4.549029e-06 
-9.383390e-08 -1.059166e-03  2.492247e-08 -8.726646e-03 -2.356868e-05  3.967686e-05 -4.069094e-06 
-1.047138e-07 -1.059175e-03  3.917804e-08 -8.726646e-03 -2.353153e-05  3.974897e-05 -3.586906e-06 
-1.033128e-07 -1.059166e-03  4.298580e-08 -8.726646e-03 -2.349011e-05  3.981366e-05 -3.102971e-06 
-9.350134e-08 -1.059147e-03  4.015374e-08 -8.726647e-03 -2.344499e-05  3.987194e-05 -2.617948e-06 
-7.941297e-08 -1.059124e-03  3.429013e-08 -8.726647e-03 -2.339675e-05  3.992484e-05 -2.132387e-06 
-3.531550e-06 -1.089199e-03 -2.568516e-06  1.098847e-03 -2.429337e-05  4.146850e-05 -1.016089e-06 
-5.663685e-06 -1.058942e-03  2.149001e-07  1.067345e-03 -2.380022e-05  4.083718e-05 -8.375015e-07 
-3.710082e-06 -1.048295e-03  1.289607e-06  1.052120e-03 -2.334612e-05  4.025748e-05 -6.422513e-07 
-1.320758e-06 -1.046108e-03  1.544501e-06  1.046124e-03 -2.302897e-05  3.988493e-05 -3.504609e-07 
 4.556152e-07 -1.047261e-03  1.488854e-06  1.044819e-03 -2.283616e-05  3.970532e-05  2.470527e-08 
 1.495008e-06 -1.049437e-03  1.350329e-06  1.045700e-03 -2.272949e-05  3.966133e-05  4.583486e-07 
 1.962351e-06 -1.051619e-03  1.204990e-06  1.047409e-03 -2.267180e-05  3.969473e-05  9.304218e-07 
 2.064540e-06 -1.053391e-03  1.029732e-06  1.049274e-03 -2.263432e-05  3.975804e-05  1.432856e-06 
 1.940779e-06 -1.054652e-03  7.111073e-07  1.051152e-03 -2.259988e-05  3.981933e-05  1.975997e-06 
 1.621500e-06 -1.055572e-03  1.481157e-07  1.053309e-03 -2.256681e-05  3.987262e-05  2.575111e-06 
 1.129980e-06 -1.056452e-03 -4.985438e-07  1.055801e-03 -2.254200e-05  3.993614e-05  3.202109e-06 
 5.936122e-07 -1.057379e-03 -9.121975e-07  1.058098e-03 -2.252260e-05  4.001779e-05  3.795044e-06 
 1.474856e-07 -1.058224e-03 -9.801156e-07  1.059714e-03 -2.249730e-05  4.010328e-05  4.324892e-06 
-1.543292e-07 -1.058874e-03 -7.985156e-07  1.060582e-03 -2.245786e-05  4.017516e-05  4.803017e-06 
-3.236310e-07 -1.059301e-03 -5.154098e-07  1.060895e-03 -2.240214e-05  4.022394e-05  5.254201e-06 
-3.991630e-07 -1.059535e-03 -2.457200e-07  1.060893e-03 -2.233176e-05  4.024764e-05  5.699858e-06 
-4.187434e-07 -1.059623e-03 -5.279656e-08  1.060764e-03 -2.224946e-05  4.024817e-05  6.152921e-06 
-4.050010e-07 -1.059606e-03  4.661030e-08  1.060602e-03 -2.215754e-05  4.022854e-05  6.617535e-06 
-3.654616e-07 -1.059519e-03  7.045652e-08  1.060427e-03 -2.205774e-05  4.019224e-05  7.091037e-06 
-3.033383e-07 -1.059395e-03  5.262242e-08  1.060230e-03 -2.195188e-05  4.014357e-05  7.567986e-06 
-2.266945e-07 -1.059266e-03  2.313799e-08  1.060016e-03 -2.184206e-05  4.008723e-05  8.044194e-06 
-1.484108e-07 -1.059153e-03 -1.460644e-09  1.059806e-03 -2.173028e-05  4.002727e-05  8.518234e-06 
-8.100383e-08 -1.059070e-03 -1.642379e-08  1.059629e-03 -2.161795e-05  3.996629e-05  8.990621e-06 
-3.242833e-08 -1.059020e-03 -2.280114e-08  1.059504e-03 -2.150570e-05  3.990538e-05  9.462385e-06 
-4.873276e-09 -1.059000e-03 -2.286652e-08  1.059434e-03 -2.139354e-05  3.984449e-05  9.934183e-06 
 4.181664e-09 -1.059001e-03 -1.838783e-08  1.059413e-03 -2.128103e-05  3.978285e-05  1.040609e-05 
-8.034922e-11 -1.059017e-03 -1.070871e-08  1.059425e-03 -2.116755e-05  3.971933e-05  1.087780e-05 
-1.183912e-08 -1.059039e-03 -1.216585e-09  1.059455e-03 -2.105243e-05  3.965276e-05  1.134889e-05 
-2.606101e-08 -1.059061e-03  8.552580e-09  1.059490e-03 -2.093514e-05  3.958210e-05  1.181901e-05 
-3.917620e-08 -1.059080e-03  1.718036e-08  1.059522e-03 -2.081528e-05  3.950662e-05  1.228791e-05 
-4.916769e-08 -1.059093e-03  2.369803e-08  1.059546e-03 -2.069266e-05  3.942589e-05  1.275543e-05 
-5.532610e-08 -1.059100e-03  2.774693e-08  1.059561e-03 -2.056723e-05  3.933979e-05  1.322147e-05 
-5.787667e-08 -1.059103e-03  2.951769e-08  1.059566e-03 -2.043905e-05  3.924841e-05  1.368594e-05 
-5.759947e-08 -1.059102e-03  2.955011e-08  1.059565e-03 -2.030824e-05  3.915196e-05  1.414878e-05 
-5.550069e-08 -1.059098e-03  2.850641e-08  1.059559e-03 -2.017495e-05  3.905070e-05  1.460995e-05 
-5.256192e-08 -1.059094e-03  2.699637e-08  1.059551e-03 -2.003930e-05  3.894488e-05  1.506944e-05 
-4.957770e-08 -1.059090e-03  2.548114e-08  1.059543e-03 -1.990142e-05  3.883470e-05  1.552721e-05 
-4.707924e-08 -1.059087e-03  2.424605e-08  1.059536e-03 -1.976136e-05  3.872028e-05  1.598325e-05 
-4.532991e-08 -1.059085e-03  2.341794e-08  1.059532e-03 -1.961918e-05  3.860169e-05  1.643754e-05 
-4.437037e-08 -1.059084e-03  2.300374e-08  1.059529e-03 -1.947489e-05  3.847895e-05  1.689002e-05 
-4.408855e-08 -1.059084e-03  2.293418e-08  1.059528e-03 -1.932850e-05  3.835204e-05  1.734065e-05 
-4.429291e-08 -1.059084e-03  2.310351e-08  1.059528e-03 -1.917998e-05  3.822094e-05  1.778938e-05 
-4.477443e-08 -1.059085e-03  2.340072e-08  1.059529e-03 -1.902934e-05  3.808561e-05  1.823613e-05 
-4.534969e-08 -1.059086e-03  2.373069e-08  1.059531e-03 -1.887658e-05  3.794602e-05  1.868085e-05 
-4.588413e-08 -1.059087e-03  2.402531e-08  1.059532e-03 -1.872169e-05  3.780217e-05  1.912347e-05 
-4.629822e-08 -1.059087e-03  2.424615e-08  1.059533e-03 -1.856468e-05  3.765404e-05  1.956394e-05 
-4.656186e-08 -1.059087e-03  2.438098e-08  1.059533e-03 -1.840558e-05  3.750166e-05  2.000221e-05 
-4.668204e-08 -1.059088e-03  2.443683e-08  1.059533e-03 -1.824440e-05  3.734504e-05  2.043823e-05 
-4.668842e-08 -1.059088e-03  2.443204e-08  1.059533e-03 -1.808116e-05  3.718421e-05  2.087194e-05 
-4.662009e-08 -1.059087e-03  2.438904e-08  1.059533e-03 -1.791588e-05  3.701919e-05  2.130330e-05 
-4.651539e-08 -1.059087e-03  2.432896e-08  1.059532e-03 -1.774859e-05  3.685000e-05  2.173227e-05 
-4.640544e-08 -1.059087e-03  2.426843e-08  1.059531e-03 -1.757931e-05  3.667669e-05  2.215881e-05 
-4.631129e-08 -1.059087e-03  2.421821e-08  1.059531e-03 -1.740806e-05  3.649927e-05  2.258285e-05 
-4.624375e-08 -1.059087e-03  2.418345e-08  1.059530e-03 -1.723486e-05  3.631775e-05  2.300437e-05 
-4.620518e-08 -1.059087e-03  2.416474e-08  1.059530e-03 -1.705973e-05  3.613217e-05  2.342331e-05 
-4.619204e-08 -1.059087e-03  2.415969e-08  1.059529e-03 -1.688268e-05  3.594255e-05  2.383962e-05 
-4.619761e-08 -1.059087e-03  2.416434e-08  1.059529e-03 -1.670375e-05  3.574889e-05  2.425327e-05 
-4.621428e-08 -1.059087e-03  2.417445e-08  1.059529e-03 -1.652294e-05  3.555123e-05  2.466419e-05 
-4.623522e-08 -1.059087e-03  2.418632e-08  1.059528e-03 -1.634029e-05  3.534958e-05  2.507235e-05 
-4.625525e-08 -1.059087e-03  2.419727e-08  1.059528e-03 -1.615579e-05  3.514397e-05  2.547769e-05 
-4.627121e-08 -1.059087e-03  2.420572e-08  1.059528e-03 -1.596949e-05  3.493441e-05  2.588018e-05 
-4.628176e-08 -1.059087e-03  2.421107e-08  1.059527e-03 -1.578139e-05  3.472093e-05  2.627976e-05 
-4.628698e-08 -1.059087e-03  2.421350e-08  1.059527e-03 -1.559153e-05  3.450356e-05  2.667640e-05 
-4.628785e-08 -1.059087e-03  2.421362e-08  1.059526e-03 -1.539991e-05  3.428232e-05  2.707004e-05 
-4.628575e-08 -1.059087e-03  2.421222e-08  1.059526e-03 -1.520657e-05  3.405723e-05  2.746065e-05 
-4.628211e-08 -1.059087e-03  2.421009e-08  1.059525e-03 -1.501152e-05  3.382832e-05  2.784817e-05 
-4.627811e-08 -1.059087e-03  2.420785e-08  1.059525e-03 -1.481478e-05  3.359562e-05  2.823257e-05 
-4.627456e-08 -1.059087e-03  2.420594e-08  1.059524e-03 -1.461639e-05  3.335914e-05  2.861381e-05 
-4.627193e-08 -1.059087e-03  2.420457e-08  1.059524e-03 -1.441635e-05  3.311893e-05  2.899184e-05 
-4.627036e-08 -1.059087e-03  2.420379e-08  1.059523e-03 -1.421470e-05  3.287500e-05  2.936661e-05 
-4.626973e-08 -1.059087e-03  2.420353e-08  1.059523e-03 -1.401146e-05  3.262739e-05  2.973809e-05 
-4.626982e-08 -1.059087e-03  2.420364e-08  1.059522e-03 -1.380664e-05  3.237611e-05  3.010623e-05 
-4.627037e-08 -1.059087e-03  2.420398e-08  1.059521e-03 -1.360027e-05  3.212121e-05  3.047100e-05 
-4.627111e-08 -1.059087e-03  2.420440e-08  1.059521e-03 -1.339238e-05  3.186270e-05  3.083235e-05 
-4.627185e-08 -1.059087e-03  2.420481e-08  1.059520e-03 -1.318299e-05  3.160061e-05  3.119024e-05 
-4.627246e-08 -1.059087e-03  2.420514e-08  1.059520e-03 -1.297212e-05  3.133499e-05  3.154464e-05 
-4.627288e-08 -1.059087e-03  2.420535e-08  1.059519e-03 -1.275979e-05  3.106584e-05  3.189549e-05 
-4.627310e-08 -1.059087e-03  2.420546e-08  1.059518e-03 -1.254603e-05  3.079322e-05  3.224277e-05 
-4.627316e-08 -1.059087e-03  2.420547e-08  1.059518e-03 -1.233087e-05  3.051714e-05  3.258643e-05 
-4.627310e-08 -1.059087e-03  2.420543e-08  1.059517e-03 -1.211432e-05  3.023763e-05  3.292644e-05 
-4.627298e-08 -1.059087e-03  2.420536e-08  1.059516e-03 -1.189641e-05  2.995474e-05  3.326275e-05 
-4.627283e-08 -1.059087e-03  2.420528e-08  1.059516e-03 -1.167717e-05  2.966848e-05  3.359533e-05 
-4.627270e-08 -1.059087e-03  2.420520e-08  1.059515e-03 -1.145662e-05  2.937890e-05  3.392415e-05 
-4.627260e-08 -1.059087e-03  2.420515e-08  1.059514e-03 -1.123478e-05  2.908602e-05  3.424915e-05 
-4.627253e-08 -1.059087e-03  2.420512e-08  1.059514e-03 -1.101168e-05  2.878988e-05  3.457032e-05 
-4.627251e-08 -1.059087e-03  2.420511e-08  1.059513e-03 -1.078735e-05  2.849051e-05  3.488761e-05 
-4.627251e-08 -1.059087e-03  2.420511e-08  1.059512e-03 -1.056181e-05  2.818794e-05  3.520099e-05 
-4.627252e-08 -1.059087e-03  2.420512e-08  1.059511e-03 -1.033508e-05  2.788221e-05  3.551041e-05 
-4.627255e-08 -1.059087e-03  2.420513e-08  1.059511e-03 -1.010720e-05  2.757336e-05  3.581586e-05 
-4.627258e-08 -1.059087e-03  2.420515e-08  1.059510e-03 -9.878177e-06  2.726141e-05  3.611729e-05 
-4.627260e-08 -1.059087e-03  2.420516e-08  1.059509e-03 -9.648050e-06  2.694641e-05  3.641466e-05 
-4.627262e-08 -1.059087e-03  2.420517e-08  1.059508e-03 -9.416840e-06  2.662838e-05  3.670795e-05 
-4.627262e-08 -1.059087e-03  2.420517e-08  1.059508e-03 -9.184574e-06  2.630736e-05  3.699713e-05 
-4.627263e-08 -1.059087e-03  2.420518e-08  1.059507e-03 -8.951278e-06  2.598340e-05  3.728215e-05 
-4.627263e-08 -1.059087e-03  2.420517e-08  1.059506e-03 -8.716978e-06  2.565652e-05  3.756300e-05 
-4.627262e-08 -1.059087e-03  2.420517e-08  1.059505e-03 -8.481700e-06  2.532676e-05  3.783963e-05 
-4.627262e-08 -1.059087e-03  2.420517e-08  1.059504e-03 -8.245471e-06  2.499416e-05  3.811201e-05 
-4.627261e-08 -1.059087e-03  2.420517e-08  1.059504e-03 -8.008317e-06  2.465876e-05  3.838012e-05 
-4.627261e-08 -1.059087e-03  2.420516e-08  1.059503e-03 -7.770264e-06  2.432059e-05  3.864393e-05 
-4.627261e-08 -1.059087e-03  2.420516e-08  1.059502e-03 -7.531341e-06  2.397970e-05  3.890340e-05 
-4.627260e-08 -1.059087e-03  2.420516e-08  1.059501e-03 -7.291572e-06  2.363611e-05  3.915851e-05 
-4.627260e-08 -1.059087e-03  2.420516e-08  1.059500e-03 -7.050985e-06  2.328987e-05  3.940922e-05 
-4.627260e-08 -1.059087e-03  2.420516e-08  1.059499e-03 -6.809608e-06  2.294103e-05  3.965552e-05 
-4.627261e-08 -1.059087e-03  2.420516e-08  1.059498e-03 -6.567467e-06  2.258960e-05  3.989736e-05 
-4.627261e-08 -1.059087e-03  2.420516e-08  1.059497e-03 -6.324589e-06  2.223565e-05  4.013473e-05 
-4.627261e-08 -1.059087e-03  2.420516e-08  1.059497e-03 -6.081002e-06  2.187920e-05  4.036760e-05 
-4.627261e-08 -1.059087e-03  2.420516e-08  1.059496e-03 -5.836732e-06  2.152029e-05  4.059595e-05 
-4.627261e-08 -1.059087e-03  2.420516e-08  1.059495e-03 -5.591808e-06  2.115898e-05  4.081973e-05 
-4.627261e-08 -1.059087e-03  2.420517e-08  1.059494e-03 -5.346257e-06  2.079528e-05  4.103894e-05 
-4.627261e-08 -1.059087e-03  2.420517e-08  1.059493e-03 -5.100106e-06  2.042926e-05  4.125355e-05 
-4.627261e-08 -1.059087e-03  2.420516e-08  1.059492e-03 -4.853383e-06  2.006095e-05  4.146353e-05 
-4.627261e-08 -1.059087e-03  2.420516e-08  1.059491e-03 -4.606116e-06  1.969038e-05  4.166886e-05 
-4.627261e-08 -1.059087e-03  2.420516e-08  1.059490e-03 -4.358332e-06  1.931761e-05  4.186952e-05 
-4.627261e-08 -1.059087e-03  2.420516e-08  1.059489e-03 -4.110059e-06  1.894267e-05  4.206547e-05 
-4.627261e-08 -1.059087e-03  2.420516e-08  1.059488e-03 -3.861326e-06  1.856560e-05  4.225671e-05 
-4.627261e-08 -1.059087e-03  2.420516e-08  1.059487e-03 -3.612159e-06  1.818645e-05  4.244322e-05 
-4.627261e-08 -1.059087e-03  2.420516e-08  1.059486e-03 -3.362587e-06  1.780526e-05  4.262496e-05 
-4.627261e-08 -1.059087e-03  2.420516e-08  1.059485e-03 -3.112637e-06  1.742208e-05  4.280192e-05 
-4.627261e-08 -1.059087e-03  2.420516e-08  1.059484e-03 -2.862339e-06  1.703694e-05  4.297407e-05 
-4.627261e-08 -1.059087e-03  2.420516e-08  1.059483e-03 -2.611719e-06  1.664989e-05  4.314141e-05 
-4.627261e-08 -1.059087e-03  2.420516e-08  1.059482e-03 -2.360807e-06  1.626097e-05  4.330391e-05 
-4.627261e-08 -1.059087e-03  2.420516e-08  1.059481e-03 -2.109630e-06  1.587023e-05  4.346155e-05 
-4.627261e-08 -1.059087e-03  2.420516e-08  1.059480e-03 -1.858216e-06  1.547771e-05  4.361432e-05 
-4.627261e-08 -1.059087e-03  2.420516e-08  1.059479e-03 -1.606594e-06  1.508345e-05  4.376219e-05 
-4.627261e-08 -1.059087e-03  2.420516e-08  1.059478e-03 -1.354791e-06  1.468750e-05  4.390516e-05 
-4.627261e-08 -1.059087e-03  2.420516e-08  1.059477e-03 -1.102837e-06  1.428991e-05  4.404320e-05 
-4.627261e-08 -1.059087e-03  2.420516e-08  1.059476e-03 -8.507589e-07  1.389071e-05  4.417630e-05 
-4.627261e-08 -1.059087e-03  2.420516e-08  1.059475e-03 -5.985854e-07  1.348995e-05  4.430445e-05 
-4.627261e-08 -1.059087e-03  2.420516e-08  1.059474e-03 -3.463448e-07  1.308768e-05  4.442763e-05 
-4.627261e-08 -1.059087e-03  2.420516e-08  1.059472e-03 -9.406525e-08  1.268394e-05  4.454582e-05 
-4.627261e-08 -1.059087e-03  2.420516e-08  1.059471e-03  1.582248e-07  1.227878e-05  4.465902e-05 
-4.627261e-08 -1.059087e-03  2.420516e-08  1.059470e-03  4.104971e-07  1.187224e-05  4.476721e-05 
-4.627261e-08 -1.059087e-03  2.420516e-08  1.059469e-03  6.627234e-07  1.146437e-05  4.487037e-05 
-4.627261e-08 -1.059087e-03  2.420516e-08  1.059468e-03  9.148753e-07  1.105521e-05  4.496851e-05 
-4.627261e-08 -1.059087e-03  2.420516e-08  1.059467e-03  1.166925e-06  1.064482e-05  4.506160e-05 
-4.627261e-08 -1.059087e-03  2.420516e-08  1.059466e-03  1.418843e-06  1.023323e-05  4.514963e-05 
-4.627261e-08 -1.059087e-03  2.420516e-08  1.059465e-03  1.670602e-06  9.820487e-06  4.523260e-05 
-4.627261e-08 -1.059087e-03  2.420516e-08  1.059464e-03  1.922174e-06  9.406648e-06  4.531050e-05 
-4.627261e-08 -1.059087e-03  2.420516e-08  1.059462e-03  2.173531e-06  8.991753e-06  4.538332e-05 
-4.627261e-08 -1.059087e-03  2.420516e-08  1.059461e-03  2.424643e-06  8.575850e-06  4.545104e-05 
-4.627261e-08 -1.059087e-03  2.420516e-08  1.059460e-03  2.675484e-06  8.158984e-06  4.551367e-05 
-4.627261e-08 -1.059087e-03  2.420516e-08  1.059459e-03  2.926024e-06  7.741204e-06  4.557119e-05 
-4.627261e-08 -1.059087e-03  2.420516e-08  1.059458e-03  3.176236e-06  7.322555e-06  4.562360e-05 
-4.627261e-08 -1.059087e-03  2.420516e-08  1.059457e-03  3.426092e-06  6.903085e-06  4.567089e-05 
-4.627261e-08 -1.059087e-03  2.420516e-08  1.059456e-03  3.675564e-06  6.482841e-06  4.571306e-05 
-4.627261e-08 -1.059087e-03  2.420516e-08  1.059454e-03  3.924623e-06  6.061869e-06  4.575011e-05 
-4.627261e-08 -1.059087e-03  2.420516e-08  1.059453e-03  4.173243e-06  5.640218e-06  4.578202e-05 
-4.627261e-08 -1.059087e-03  2.420516e-08  1.059452e-03  4.421394e-06  5.217934e-06  4.580880e-05 
-4.627261e-08 -1.059087e-03  2.420516e-08  1.059451e-03  4.669049e-06  4.795065e-06  4.583043e-05 
-4.627261e-08 -1.059087e-03  2.420516e-08  1.059450e-03  4.916180e-06  4.371658e-06  4.584693e-05 
-4.627261e-08 -1.059087e-03  2.420516e-08  1.059449e-03  5.162761e-06  3.947760e-06  4.585829e-05 
-4.627261e-08 -1.059087e-03  2.420516e-08  1.059447e-03  5.408762e-06  3.523420e-06  4.586450e-05 
-4.627261e-08 -1.059087e-03  2.420516e-08  1.059446e-03  5.654156e-06  3.098684e-06  4.586556e-05 
-4.627261e-08 -1.059087e-03  2.420516e-08  1.059445e-03  5.898916e-06  2.673601e-06  4.586149e-05 
-4.627261e-08 -1.059087e-03  2.420516e-08  1.059444e-03  6.143014e-06  2.248218e-06  4.585226e-05 
-4.627261e-08 -1.059087e-03  2.420516e-08  1.059443e-03  6.386424e-06  1.822583e-06  4.583790e-05 
-4.627261e-08 -1.059087e-03  2.420516e-08  1.059442e-03  6.629117e-06  1.396743e-06  4.581839e-05 
-4.627261e-08 -1.059087e-03  2.420516e-08  1.059440e-03  6.871066e-06  9.707472e-07  4.579375e-05 
-4.627261e-08 -1.059087e-03  2.420516e-08  1.059439e-03  7.112245e-06  5.446421e-07  4.576397e-05 
-4.627261e-08 -1.059087e-03  2.420516e-08  1.059438e-03  7.352626e-06  1.184759e-07  4.572905e-05 
-4.627261e-08 -1.059087e-03  2.420516e-08  1.059437e-03  7.592183e-06 -3.077036e-07  4.568901e-05 
-4.627261e-08 -1.059087e-03  2.420516e-08  1.059436e-03  7.830887e-06 -7.338486e-07  4.564384e-05 
-4.627261e-08 -1.059087e-03  2.420516e-08  1.059434e-03  8.068714e-06 -1.159911e-06  4.559355e-05 
-4.627261e-08 -1.059087e-03  2.420516e-08  1.059433e-03  8.305635e-06 -1.585844e-06  4.553815e-05 
-4.627261e-08 -1.059087e-03  2.420516e-08  1.059432e-03  8.541625e-06 -2.011599e-06  4.547764e-05 
-4.627261e-08 -1.059087e-03  2.420516e-08  1.059431e-03  8.776657e-06 -2.437128e-06  4.541202e-05 
-4.627261e-08 -1.059087e-03  2.420516e-08  1.059429e-03  9.010704e-06 -2.862383e-06  4.534132e-05 
-4.627261e-08 -1.059087e-03  2.420516e-08  1.059428e-03  9.243741e-06 -3.287318e-06  4.526553e-05 
-4.627261e-08 -1.059087e-03  2.420516e-08  1.059427e-03  9.475740e-06 -3.711884e-06  4.518466e-05 
-4.627261e-08 -1.059087e-03  2.420516e-08  1.059426e-03  9.706677e-06 -4.136033e-06  4.509872e-05 
-4.627261e-08 -1.059087e-03  2.420516e-08  1.059425e-03  9.936525e-06 -4.559719e-06  4.500773e-05 
-4.627261e-08 -1.059087e-03  2.420516e-08  1.059423e-03  1.016526e-05 -4.982893e-06  4.491169e-05 
-4.627261e-08 -1.059087e-03  2.420516e-08  1.059422e-03  1.039285e-05 -5.405509e-06  4.481061e-05 
-4.627261e-08 -1.059087e-03  2.420516e-08  1.059421e-03  1.061928e-05 -5.827518e-06  4.470450e-05 
-4.627261e-08 -1.059087e-03  2.420516e-08  1.059420e-03  1.084452e-05 -6.248873e-06  4.459338e-05 
-4.627261e-08 -1.059087e-03  2.420516e-08  1.059419e-03  1.106854e-05 -6.669527e-06  4.447725e-05 
-4.627261e-08 -1.059087e-03  2.420516e-08  1.059417e-03  1.129132e-05 -7.089434e-06  4.435614e-05 
-4.627261e-08 -1.059087e-03  2.420516e-08  1.059416e-03  1.151283e-05 -7.508545e-06  4.423006e-05 
-4.627261e-08 -1.059087e-03  2.420516e-08  1.059415e-03  1.173305e-05 -7.926814e-06  4.409901e-05 
-4.627261e-08 -1.059087e-03  2.420516e-08  1.059414e-03  1.195195e-05 -8.344194e-06  4.396301e-05 
-4.627261e-08 -1.059087e-03  2.420516e-08  1.059413e-03  1.216952e-05 -8.760638e-06  4.382209e-05 
-4.627261e-08 -1.059087e-03  2.420516e-08  1.059411e-03  1.238572e-05 -9.176099e-06  4.367625e-05 
-4.627261e-08 -1.059087e-03  2.420516e-08  1.059410e-03  1.260053e-05 -9.590531e-06  4.352551e-05 
-4.627261e-08 -1.059087e-03  2.420516e-08  1.059409e-03  1.281392e-05 -1.000389e-05  4.336988e-05 
-4.627261e-08 -1.059087e-03  2.420516e-08  1.059408e-03  1.302588e-05 -1.041612e-05  4.320940e-05 
-4.627261e-08 -1.059087e-03  2.420516e-08  1.059407e-03  1.323638e-05 -1.082719e-05  4.304406e-05 
-4.627261e-08 -1.059087e-03  2.420516e-08  1.059405e-03  1.344539e-05 -1.123704e-05  4.287390e-05 
-4.627261e-08 -1.059087e-03  2.420516e-08  1.059404e-03  1.365290e-05 -1.164563e-05  4.269893e-05 
-4.627261e-08 -1.059087e-03  2.420516e-08  1.059403e-03  1.385887e-05 -1.205291e-05  4.251917e-05 
-4.627261e-08 -1.059087e-03  2.420516e-08  1.059402e-03  1.406329e-05 -1.245885e-05  4.233465e-05 
-4.627261e-08 -1.059087e-03  2.420516e-08  1.059401e-03  1.426614e-05 -1.286338e-05  4.214537e-05 
-4.627261e-08 -1.059087e-03  2.420516e-08  1.059399e-03  1.446738e-05 -1.326648e-05  4.195136e-05 
-4.627261e-08 -1.059087e-03  2.420516e-08  1.059398e-03  1.466700e-05 -1.366808e-05  4.175265e-05 
-4.627261e-08 -1.059087e-03  2.420516e-08  1.059397e-03  1.486497e-05 -1.406815e-05  4.154926e-05 
-4.627261e-08 -1.059087e-03  2.420516e-08  1.059396e-03  1.506128e-05 -1.446665e-05  4.134121e-05 
-4.627261e-08 -1.059087e-03  2.420516e-08  1.059395e-03  1.525590e-05 -1.486352e-05  4.112852e-05 
-4.627261e-08 -1.059087e-03  2.420516e-08  1.059393e-03  1.544880e-05 -1.525872e-05  4.091121e-05 
-4.627261e-08 -1.059087e-03  2.420516e-08  1.059392e-03  1.563998e-05 -1.565221e-05  4.068932e-05 
-4.627261e-08 -1.059087e-03  2.420516e-08  1.059391e-03  1.582940e-05 -1.604395e-05  4.046286e-05 
-4.627261e-08 -1.059087e-03  2.420516e-08  1.059390e-03  1.601704e-05 -1.643389e-05  4.023187e-05 
-4.627261e-08 -1.059087e-03  2.420516e-08  1.059389e-03  1.620289e-05 -1.682198e-05  3.999636e-05 
-4.627261e-08 -1.059087e-03  2.420516e-08  1.059388e-03  1.638692e-05 -1.720819e-05  3.975637e-05 
-4.627261e-08 -1.059087e-03  2.420516e-08  1.059386e-03  1.656911e-05 -1.759246e-05  3.951191e-05 
-4.627261e-08 -1.059087e-03  2.420516e-08  1.059385e-03  1.674944e-05 -1.797477e-05  3.926303e-05 
-4.627261e-08 -1.059087e-03  2.420516e-08  1.059384e-03  1.692790e-05 -1.835505e-05  3.900974e-05 
-4.627261e-08 -1.059087e-03  2.420516e-08  1.059383e-03  1.710445e-05 -1.873328e-05  3.875207e-05 
-4.627261e-08 -1.059087e-03  2.420516e-08  1.059382e-03  1.727909e-05 -1.910941e-05  3.849006e-05 
-4.627261e-08 -1.059087e-03  2.420516e-08  1.059381e-03  1.745179e-05 -1.948339e-05  3.822373e-05 
-4.627261e-08 -1.059087e-03  2.420516e-08  1.059380e-03  1.762253e-05 -1.985519e-05  3.795312e-05 
-4.627261e-08 -1.059087e-03  2.420516e-08  1.059378e-03  1.779129e-05 -2.022476e-05  3.767824e-05 
-4.627261e-08 -1.059087e-03  2.420516e-08  1.059377e-03  1.795806e-05 -2.059207e-05  3.739915e-05 
-4.627261e-08 -1.059087e-03  2.420516e-08  1.059376e-03  1.812282e-05 -2.095706e-05  3.711585e-05 
-4.627261e-08 -1.059087e-03  2.420516e-08  1.059375e-03  1.828554e-05 -2.131970e-05  3.682839e-05 
-4.627261e-08 -1.059087e-03  2.420516e-08  1.059374e-03  1.844621e-05 -2.167995e-05  3.653681e-05 
-4.627261e-08 -1.059087e-03  2.420516e-08  1.059373e-03  1.860482e-05 -2.203777e-05  3.624112e-05 
-4.627261e-08 -1.059087e-03  2.420516e-08  1.059372e-03  1.876133e-05 -2.239312e-05  3.594137e-05 
-4.627261e-08 -1.059087e-03  2.420516e-08  1.059371e-03  1.891574e-05 -2.274595e-05  3.563759e-05 
-4.627261e-08 -1.059087e-03  2.420516e-08  1.059370e-03  1.906803e-05 -2.309624e-05  3.532981e-05 
-4.627261e-08 -1.059087e-03  2.420516e-08  1.059369e-03  1.921818e-05 -2.344393e-05  3.501806e-05 
-4.627261e-08 -1.059087e-03  2.420516e-08  1.059367e-03  1.936618e-05 -2.378900e-05  3.470239e-05 
-4.627261e-08 -1.059087e-03  2.420516e-08  1.059366e-03  1.951200e-05 -2.413139e-05  3.438283e-05 
-4.627261e-08 -1.059087e-03  2.420516e-08  1.059365e-03  1.965563e-05 -2.447108e-05  3.405941e-05 
-4.627261e-08 -1.059087e-03  2.420516e-08  1.059364e-03  1.979706e-05 -2.480803e-05  3.373217e-05 
-4.627261e-08 -1.059087e-03  2.420516e-08  1.059363e-03  1.993627e-05 -2.514219e-05  3.340115e-05 
-4.627261e-08 -1.059087e-03  2.420516e-08  1.059362e-03  2.007325e-05 -2.547353e-05  3.306638e-05 
-4.627261e-08 -1.059087e-03  2.420516e-08  1.059361e-03  2.020797e-05 -2.580201e-05  3.272790e-05 
-4.627261e-08 -1.059087e-03  2.420516e-08  1.059360e-03  2.034042e-05 -2.612760e-05  3.238575e-05 
-4.627261e-08 -1.059087e-03  2.420516e-08  1.059359e-03  2.047060e-05 -2.645026e-05  3.203997e-05 
-4.627261e-08 -1.059087e-03  2.420516e-08  1.059358e-03  2.059847e-05 -2.676996e-05  3.169059e-05 
-4.627261e-08 -1.059087e-03  2.420516e-08  1.059357e-03  2.072404e-05 -2.708665e-05  3.133766e-05 
-4.627261e-08 -1.059087e-03  2.420516e-08  1.059356e-03  2.084728e-05 -2.740030e-05  3.098122e-05 
-4.627261e-08 -1.059087e-03  2.420516e-08  1.059355e-03  2.096819e-05 -2.771088e-05  3.062129e-05 
-4.627261e-08 -1.059087e-03  2.420516e-08  1.059354e-03  2.108674e-05 -2.801835e-05  3.025794e-05 
-4.627261e-08 -1.059087e-03  2.420516e-08  1.059353e-03  2.120292e-05 -2.832268e-05  2.989119e-05 
-4.627261e-08 -1.059087e-03  2.420516e-08  1.059352e-03  2.131673e-05 -2.862383e-05  2.952109e-05 
-4.627261e-08 -1.059087e-03  2.420516e-08  1.059351e-03  2.142815e-05 -2.892177e-05  2.914767e-05 
-4.627261e-08 -1.059087e-03  2.420516e-08  1.059350e-03  2.153716e-05 -2.921647e-05  2.877099e-05 
-4.627261e-08 -1.059087e-03  2.420516e-08  1.059349e-03  2.164376e-05 -2.950788e-05  2.839108e-05 
-4.627261e-08 -1.059087e-03  2.420516e-08  1.059348e-03  2.174793e-05 -2.979599e-05  2.800799e-05 
-4.627261e-08 -1.059087e-03  2.420516e-08  1.059347e-03  2.184966e-05 -3.008076e-05  2.762175e-05 
-4.627261e-08 -1.059087e-03  2.420516e-08  1.059346e-03  2.194895e-05 -3.036215e-05  2.723242e-05 
-4.627261e-08 -1.059087e-03  2.420516e-08  1.059346e-03  2.204576e-05 -3.064014e-05  2.684003e-05 
-4.627261e-08 -1.059087e-03  2.420516e-08  1.059345e-03  2.214011e-05 -3.091469e-05  2.644463e-05 
-4.627261e-08 -1.059087e-03  2.420516e-08  1.059344e-03  2.223197e-05 -3.118578e-05  2.604627e-05 
-4.627261e-08 -1.059087e-03  2.420516e-08  1.059343e-03  2.232134e-05 -3.145336e-05  2.564498e-05 
-4.627261e-08 -1.059087e-03  2.420516e-08  1.059342e-03  2.240821e-05 -3.171742e-05  2.524082e-05 
-4.627261e-08 -1.059087e-03  2.420516e-08  1.059341e-03  2.249256e-05 -3.197792e-05  2.483382e-05 
-4.627261e-08 -1.059087e-03  2.420516e-08  1.059340e-03  2.257439e-05 -3.223483e-05  2.442404e-05 
-4.627261e-08 -1.059087e-03  2.420516e-08  1.059339e-03  2.265368e-05 -3.248813e-05  2.401152e-05 
-4.627261e-08 -1.059087e-03  2.420516e-08  1.059339e-03  2.273044e-05 -3.273778e-05  2.359631e-05 
-4.627261e-08 -1.059087e-03  2.420516e-08  1.059338e-03  2.280465e-05 -3.298377e-05  2.317845e-05 
-4.627261e-08 -1.059087e-03  2.420516e-08  1.059337e-03  2.287629e-05 -3.322605e-05  2.275799e-05 
-4.627261e-08 -1.059087e-03  2.420516e-08  1.059336e-03  2.294538e-05 -3.346460e-05  2.233498e-05 
-4.627261e-08 -1.059087e-03  2.420516e-08  1.059335e-03  2.301188e-05 -3.369940e-05  2.190946e-05 
-4.627261e-08 -1.059087e-03  2.420516e-08  1.059334e-03  2.307581e-05 -3.393043e-05  2.148149e-05 
-4.627261e-08 -1.059087e-03  2.420516e-08  1.059334e-03  2.313715e-05 -3.415764e-05  2.105111e-05 
-4.627261e-08 -1.059087e-03  2.420516e-08  1.059333e-03  2.319590e-05 -3.438103e-05  2.061836e-05 
-4.627261e-08 -1.059087e-03  2.420516e-08  1.059332e-03  2.325204e-05 -3.460055e-05  2.018330e-05 
-4.627261e-08 -1.059087e-03  2.420516e-08  1.059331e-03  2.330557e-05 -3.481620e-05  1.974598e-05 
-4.627261e-08 -1.059087e-03  2.420516e-08  1.059331e-03  2.335649e-05 -3.502794e-05  1.930644e-05 
-4.627261e-08 -1.059087e-03  2.420516e-08  1.059330e-03  2.340479e-05 -3.523576e-05  1.886474e-05 
-4.627261e-08 -1.059087e-03  2.420516e-08  1.059329e-03  2.345047e-05 -3.543962e-05  1.842092e-05 
-4.627261e-08 -1.059087e-03  2.420516e-08  1.059328e-03  2.349351e-05 -3.563950e-05  1.797504e-05 
-4.627261e-08 -1.059087e-03  2.420516e-08  1.059328e-03  2.353392e-05 -3.583539e-05  1.752714e-05 
-4.627261e-08 -1.059087e-03  2.420516e-08  1.059327e-03  2.357169e-05 -3.602726e-05  1.707727e-05 
-4.627261e-08 -1.059087e-03  2.420516e-08  1.059326e-03  2.360682e-05 -3.621509e-05  1.662549e-05 
-4.627261e-08 -1.059087e-03  2.420516e-08  1.059326e-03  2.363930e-05 -3.639885e-05  1.617185e-05 
-4.627261e-08 -1.059087e-03  2.420516e-08  1.059325e-03  2.366912e-05 -3.657853e-05  1.571639e-05 
-4.627261e-08 -1.059087e-03  2.420516e-08  1.059324e-03  2.369629e-05 -3.675411e-05  1.525916e-05 
-4.627261e-08 -1.059087e-03  2.420516e-08  1.059324e-03  2.372081e-05 -3.692557e-05  1.480023e-05 
-4.627261e-08 -1.059087e-03  2.420516e-08  1.059323e-03  2.374266e-05 -3.709289e-05  1.433963e-05 
-4.627261e-08 -1.059087e-03  2.420516e-08  1.059323e-03  2.376185e-05 -3.725604e-05  1.387743e-05 
-4.627261e-08 -1.059087e-03  2.420516e-08  1.059322e-03  2.377838e-05 -3.741502e-05  1.341367e-05 
-4.627261e-08 -1.059087e-03  2.420516e-08  1.059321e-03  2.379223e-05 -3.756980e-05  1.294840e-05 
-4.627261e-08 -1.059087e-03  2.420516e-08  1.059321e-03  2.380342e-05 -3.772036e-05  1.248169e-05 
-4.627261e-08 -1.059087e-03  2.420516e-08  1.059320e-03  2.381194e-05 -3.786670e-05  1.201357e-05 
-4.627261e-08 -1.059087e-03  2.420516e-08  1.059320e-03  2.381779e-05 -3.800879e-05  1.154411e-05 
-4.627261e-08 -1.059087e-03  2.420516e-08  1.059319e-03  2.382097e-05 -3.814661e-05  1.107335e-05 
-4.627261e-08 -1.059087e-03  2.420516e-08  1.059318e-03  2.382147e-05 -3.828015e-05  1.060135e-05 
-4.627261e-08 -1.059087e-03  2.420516e-08  1.059318e-03  2.381930e-05 -3.840941e-05  1.012816e-05 
-4.627261e-08 -1.059087e-03  2.420516e-08  1.059317e-03  2.381447e-05 -3.853435e-05  9.653829e-06 
-4.627261e-08 -1.059087e-03  2.420516e-08  1.059317e-03  2.380696e-05 -3.865497e-05  9.178420e-06 
-4.627261e-08 -1.059087e-03  2.420516e-08  1.059316e-03  2.379678e-05 -3.877126e-05  8.701981e-06 
-4.627261e-08 -1.059087e-03  2.420516e-08  1.059316e-03  2.378393e-05 -3.888319e-05  8.224567e-06 
-4.627261e-08 -1.059087e-03  2.420516e-08  1.059315e-03  2.376841e-05 -3.899077e-05  7.746229e-06 
-4.627261e-08 -1.059087e-03  2.420516e-08  1.059315e-03  2.375023e-05 -3.909397e-05  7.267023e-06 
-4.627261e-08 -1.059087e-03  2.420516e-08  1.059315e-03  2.372938e-05 -3.919279e-05  6.787002e-06 
-4.627261e-08 -1.059087e-03  2.420516e-08  1.059314e-03  2.370587e-05 -3.928721e-05  6.306219e-06 
-4.627261e-08 -1.059087e-03  2.420516e-08  1.059314e-03  2.367970e-05 -3.937722e-05  5.824730e-06 
-4.627261e-08 -1.059087e-03  2.420516e-08  1.059313e-03  2.365088e-05 -3.946282e-05  5.342586e-06 
-4.627261e-08 -1.059087e-03  2.420516e-08  1.059313e-03  2.361940e-05 -3.954399e-05  4.859844e-06 
-4.627261e-08 -1.059087e-03  2.420516e-08  1.059313e-03  2.358528e-05 -3.962073e-05  4.376556e-06 
-4.627261e-08 -1.059087e-03  2.420516e-08  1.059312e-03  2.354850e-05 -3.969302e-05  3.892778e-06 
-4.627261e-08 -1.059087e-03  2.420516e-08  1.059312e-03  2.350909e-05 -3.976086e-05  3.408563e-06 
-4.627261e-08 -1.059087e-03  2.420516e-08  1.059311e-03  2.346704e-05 -3.982424e-05  2.923965e-06 
