-1.084202e-19 -1.145238e-03  0.000000e+00  0.000000e+00  0.000000e+00  0.000000e+00 
 2.140011e-14 -2.594301e-02  2.082053e-14  0.000000e+00  0.000000e+00  0.000000e+00 
 3.088792e-14 -3.117097e-02  2.761842e-14  0.000000e+00  0.000000e+00  0.000000e+00 
 3.242553e-14 -2.840779e-02  2.777627e-14  0.000000e+00  0.000000e+00  0.000000e+00 
 2.882397e-14 -2.314250e-02  2.471604e-14  0.000000e+00  0.000000e+00  0.000000e+00 
 2.284667e-14 -1.777547e-02  2.043482e-14  0.000000e+00  0.000000e+00  0.000000e+00 
 1.671100e-14 -1.320220e-02  1.613649e-14  0.000000e+00  0.000000e+00  0.000000e+00 
 1.142909e-14 -9.627575e-03  1.242331e-14  0.000000e+00  0.000000e+00  0.000000e+00 
 7.400638e-15 -6.971537e-03  9.485231e-15  0.000000e+00  0.000000e+00  0.000000e+00 
 4.602080e-15 -5.062042e-03  7.285465e-15  0.000000e+00  0.000000e+00  0.000000e+00 
 2.792807e-15 -3.720060e-03  5.693633e-15  0.000000e+00  0.000000e+00  0.000000e+00 
 1.706132e-15 -2.791804e-03  4.562969e-15  0.000000e+00  0.000000e+00  0.000000e+00 
 1.134581e-15 -2.156636e-03  3.769833e-15  0.000000e+00  0.000000e+00  0.000000e+00 
 9.249564e-16 -1.724800e-03  3.202581e-15  0.000000e+00  0.000000e+00  0.000000e+00 
 9.450297e-16 -1.431804e-03  2.793065e-15  0.000000e+00  0.000000e+00  0.000000e+00 
 1.194914e-15 -1.232435e-03  2.469032e-15  0.000000e+00  0.000000e+00  0.000000e+00 
 1.652720e-15 -1.095565e-03  2.183004e-15  0.000000e+00  0.000000e+00  0.000000e+00 
 2.434385e-15 -1.000068e-03  1.867350e-15  0.000000e+00  0.000000e+00  0.000000e+00 
 3.917621e-15 -9.317626e-04  1.415231e-15  0.000000e+00  0.000000e+00  0.000000e+00 
 7.393697e-15 -8.812164e-04  4.209148e-16  0.000000e+00  0.000000e+00  0.000000e+00 
 2.412982e-14 -8.422035e-04 -4.172938e-15  0.000000e+00  0.000000e+00  0.000000e+00 
 1.005482e-14 -8.106397e-04 -1.608603e-16  0.000000e+00  0.000000e+00  0.000000e+00 
-3.685725e-14 -7.838606e-04  1.277390e-14  0.000000e+00  0.000000e+00  0.000000e+00 
-3.898588e-14 -7.601358e-04  1.331807e-14  0.000000e+00  0.000000e+00  0.000000e+00 
-2.715195e-14 -7.383463e-04  9.952279e-15  0.000000e+00  0.000000e+00  0.000000e+00 
-1.304003e-14 -7.177708e-04  5.926832e-15  0.000000e+00  0.000000e+00  0.000000e+00 
-1.479791e-15 -6.979460e-04  2.558520e-15  0.000000e+00  0.000000e+00  0.000000e+00 
 5.986782e-15 -6.785749e-04  3.237866e-16  0.000000e+00  0.000000e+00  0.000000e+00 
 9.561480e-15 -6.594676e-04 -7.956265e-16  0.000000e+00  0.000000e+00  0.000000e+00 
 1.008273e-14 -6.405030e-04 -1.042750e-15  0.000000e+00  0.000000e+00  0.000000e+00 
 8.724453e-15 -6.216041e-04 -7.354678e-16  0.000000e+00  0.000000e+00  0.000000e+00 
 6.534104e-15 -6.027216e-04 -1.572257e-16  0.000000e+00  0.000000e+00  0.000000e+00 
 4.246572e-15 -5.838245e-04  4.853948e-16  0.000000e+00  0.000000e+00  0.000000e+00 
 2.310214e-15 -5.648928e-04  1.017650e-15  0.000000e+00  0.000000e+00  0.000000e+00 
 1.012298e-15 -5.459142e-04  1.392329e-15  0.000000e+00  0.000000e+00  0.000000e+00 
 3.242585e-16 -5.268808e-04  1.584976e-15  0.000000e+00  0.000000e+00  0.000000e+00 
 1.311059e-16 -5.077877e-04  1.626699e-15  0.000000e+00  0.000000e+00  0.000000e+00 
 2.822974e-16 -4.886319e-04  1.546954e-15  0.000000e+00  0.000000e+00  0.000000e+00 
 5.758844e-16 -4.694120e-04  1.421026e-15  0.000000e+00  0.000000e+00  0.000000e+00 
 9.395898e-16 -4.501272e-04  1.265680e-15  0.000000e+00  0.000000e+00  0.000000e+00 
 1.228203e-15 -4.307775e-04  1.116096e-15  0.000000e+00  0.000000e+00  0.000000e+00 
 1.419307e-15 -4.113636e-04  9.856826e-16  0.000000e+00  0.000000e+00  0.000000e+00 
 1.497548e-15 -3.918864e-04  8.960777e-16  0.000000e+00  0.000000e+00  0.000000e+00 
 1.520943e-15 -3.723475e-04  8.339855e-16  0.000000e+00  0.000000e+00  0.000000e+00 
 1.448797e-15 -3.527487e-04  7.962276e-16  0.000000e+00  0.000000e+00  0.000000e+00 
 1.312606e-15 -3.330924e-04  7.556744e-16  0.000000e+00  0.000000e+00  0.000000e+00 
 1.181468e-15 -3.133815e-04  7.487476e-16  0.000000e+00  0.000000e+00  0.000000e+00 
 1.041672e-15 -2.936192e-04  7.345198e-16  0.000000e+00  0.000000e+00  0.000000e+00 
 9.464606e-16 -2.738093e-04  7.033275e-16  0.000000e+00  0.000000e+00  0.000000e+00 
 9.046008e-16 -2.539564e-04  6.753414e-16  0.000000e+00  0.000000e+00  0.000000e+00 
 9.080397e-16 -2.340652e-04  6.277629e-16  0.000000e+00  0.000000e+00  0.000000e+00 
 8.881106e-16 -2.141414e-04  5.681728e-16  0.000000e+00  0.000000e+00  0.000000e+00 
 8.520182e-16 -1.941913e-04  5.075955e-16  0.000000e+00  0.000000e+00  0.000000e+00 
 8.174809e-16 -1.742217e-04  4.497015e-16  0.000000e+00  0.000000e+00  0.000000e+00 
 7.979477e-16 -1.542403e-04  3.969397e-16  0.000000e+00  0.000000e+00  0.000000e+00 
 7.678508e-16 -1.342556e-04  3.345617e-16  0.000000e+00  0.000000e+00  0.000000e+00 
 7.185930e-16 -1.142766e-04  2.833215e-16  0.000000e+00  0.000000e+00  0.000000e+00 
 6.695256e-16 -9.431340e-05  2.322847e-16  0.000000e+00  0.000000e+00  0.000000e+00 
 6.385427e-16 -7.437683e-05  1.942902e-16  0.000000e+00  0.000000e+00  0.000000e+00 
 6.069066e-16 -5.447860e-05  1.488112e-16  0.000000e+00  0.000000e+00  0.000000e+00 
 5.574038e-16 -3.463127e-05  9.252690e-17  0.000000e+00  0.000000e+00  0.000000e+00 
 4.627228e-16 -1.484835e-05  3.917665e-17  0.000000e+00  0.000000e+00  0.000000e+00 
 3.628537e-16  4.855762e-06 -1.101142e-17  0.000000e+00  0.000000e+00  0.000000e+00 
 2.767083e-16  2.446574e-05 -7.049851e-17  0.000000e+00  0.000000e+00  0.000000e+00 
 2.098391e-16  4.396532e-05 -1.283080e-16  0.000000e+00  0.000000e+00  0.000000e+00 
 1.794058e-16  6.333731e-05 -1.772891e-16  0.000000e+00  0.000000e+00  0.000000e+00 
 1.532267e-16  8.256359e-05 -2.342701e-16  0.000000e+00  0.000000e+00  0.000000e+00 
 9.881591e-17  1.016252e-04 -2.775689e-16  0.000000e+00  0.000000e+00  0.000000e+00 
 1.973206e-17  1.205021e-04 -3.247018e-16  0.000000e+00  0.000000e+00  0.000000e+00 
-3.263695e-17  1.391736e-04 -3.668299e-16  0.000000e+00  0.000000e+00  0.000000e+00 
-1.127812e-16  1.576181e-04 -4.225621e-16  0.000000e+00  0.000000e+00  0.000000e+00 
-1.722863e-16  1.758132e-04 -4.696025e-16  0.000000e+00  0.000000e+00  0.000000e+00 
-2.366986e-16  1.937357e-04 -5.109730e-16  0.000000e+00  0.000000e+00  0.000000e+00 
-2.941017e-16  2.113619e-04 -5.455329e-16  0.000000e+00  0.000000e+00  0.000000e+00 
-3.367689e-16  2.286673e-04 -5.967947e-16  0.000000e+00  0.000000e+00  0.000000e+00 
-4.063781e-16  2.456270e-04 -6.558972e-16  0.000000e+00  0.000000e+00  0.000000e+00 
-4.836402e-16  2.622155e-04 -7.015963e-16  0.000000e+00  0.000000e+00  0.000000e+00 
-5.841631e-16  2.784071e-04 -7.382013e-16  0.000000e+00  0.000000e+00  0.000000e+00 
-6.973735e-16  2.941757e-04 -7.738845e-16  0.000000e+00  0.000000e+00  0.000000e+00 
-7.669098e-16  3.094952e-04 -8.240350e-16  0.000000e+00  0.000000e+00  0.000000e+00 
-8.073205e-16  3.243394e-04 -8.605208e-16  0.000000e+00  0.000000e+00  0.000000e+00 
-8.720844e-16  3.386821e-04 -9.028646e-16  0.000000e+00  0.000000e+00  0.000000e+00 
-9.211653e-16  3.524975e-04 -9.283646e-16  0.000000e+00  0.000000e+00  0.000000e+00 
-1.006553e-15  3.657600e-04 -9.494948e-16  0.000000e+00  0.000000e+00  0.000000e+00 
-1.084894e-15  3.784446e-04 -9.769251e-16  0.000000e+00  0.000000e+00  0.000000e+00 
-1.173861e-15  3.905268e-04 -9.981196e-16  0.000000e+00  0.000000e+00  0.000000e+00 
-1.246273e-15  4.019832e-04 -1.011090e-15  0.000000e+00  0.000000e+00  0.000000e+00 
-1.328062e-15  4.127909e-04 -1.032035e-15  0.000000e+00  0.000000e+00  0.000000e+00 
-1.386490e-15  4.229284e-04 -1.046669e-15  0.000000e+00  0.000000e+00  0.000000e+00 
-1.482095e-15  4.323753e-04 -1.068927e-15  0.000000e+00  0.000000e+00  0.000000e+00 
-1.555171e-15  4.411126e-04 -1.083788e-15  0.000000e+00  0.000000e+00  0.000000e+00 
-1.610743e-15  4.491227e-04 -1.099614e-15  0.000000e+00  0.000000e+00  0.000000e+00 
-1.674547e-15  4.563896e-04 -1.108743e-15  0.000000e+00  0.000000e+00  0.000000e+00 
-1.754736e-15  4.628991e-04 -1.118829e-15  0.000000e+00  0.000000e+00  0.000000e+00 
-1.829314e-15  4.686390e-04 -1.126438e-15  0.000000e+00  0.000000e+00  0.000000e+00 
-1.864278e-15  4.735987e-04 -1.131143e-15  0.000000e+00  0.000000e+00  0.000000e+00 
-1.905860e-15  4.777697e-04 -1.135385e-15  0.000000e+00  0.000000e+00  0.000000e+00 
-1.983812e-15  4.811459e-04 -1.139423e-15  0.000000e+00  0.000000e+00  0.000000e+00 
-2.051505e-15  4.837229e-04 -1.146317e-15  0.000000e+00  0.000000e+00  0.000000e+00 
-2.126705e-15  4.854987e-04 -1.141858e-15  0.000000e+00  0.000000e+00  0.000000e+00 
-2.195767e-15  4.864736e-04 -1.129660e-15  0.000000e+00  0.000000e+00  0.000000e+00 
-2.214547e-15  4.866499e-04 -1.117548e-15  0.000000e+00  0.000000e+00  0.000000e+00 
-2.243976e-15  4.860322e-04 -1.107369e-15  0.000000e+00  0.000000e+00  0.000000e+00 
-2.256388e-15  4.846273e-04 -1.095502e-15  0.000000e+00  0.000000e+00  0.000000e+00 
-2.166761e-15  4.824441e-04 -1.094609e-15  0.000000e+00  0.000000e+00  0.000000e+00 
-6.601372e-16  4.794936e-04 -1.225003e-15  0.000000e+00  0.000000e+00  0.000000e+00 
-3.152582e-15  4.757888e-04 -9.816149e-16  0.000000e+00  0.000000e+00  0.000000e+00 
-3.691919e-15  4.713445e-04 -9.190022e-16  0.000000e+00  0.000000e+00  0.000000e+00 
-3.498427e-15  4.661775e-04 -9.160796e-16  0.000000e+00  0.000000e+00  0.000000e+00 
-3.084733e-15  4.603063e-04 -9.285931e-16  0.000000e+00  0.000000e+00  0.000000e+00 
-2.724064e-15  4.537510e-04 -9.335587e-16  0.000000e+00  0.000000e+00  0.000000e+00 
-2.521442e-15  4.465329e-04 -9.248376e-16  0.000000e+00  0.000000e+00  0.000000e+00 
-2.480357e-15  4.386751e-04 -9.182482e-16  0.000000e+00  0.000000e+00  0.000000e+00 
-2.492860e-15  4.302014e-04 -8.898839e-16  0.000000e+00  0.000000e+00  0.000000e+00 
-2.594980e-15  4.211371e-04 -8.496202e-16  0.000000e+00  0.000000e+00  0.000000e+00 
-2.709362e-15  4.115080e-04 -7.962295e-16  0.000000e+00  0.000000e+00  0.000000e+00 
-2.827176e-15  4.013411e-04 -7.418116e-16  0.000000e+00  0.000000e+00  0.000000e+00 
-2.919785e-15  3.906635e-04 -7.034931e-16  0.000000e+00  0.000000e+00  0.000000e+00 
-2.946625e-15  3.795032e-04 -6.777398e-16  0.000000e+00  0.000000e+00  0.000000e+00 
-2.955227e-15  3.678882e-04 -6.548309e-16  0.000000e+00  0.000000e+00  0.000000e+00 
-2.953691e-15  3.558471e-04 -6.376925e-16  0.000000e+00  0.000000e+00  0.000000e+00 
-2.972395e-15  3.434080e-04 -6.065077e-16  0.000000e+00  0.000000e+00  0.000000e+00 
-2.933436e-15  3.305995e-04 -5.770016e-16  0.000000e+00  0.000000e+00  0.000000e+00 
-2.918713e-15  3.174496e-04 -5.383676e-16  0.000000e+00  0.000000e+00  0.000000e+00 
-2.923854e-15  3.039862e-04 -5.110249e-16  0.000000e+00  0.000000e+00  0.000000e+00 
-2.891768e-15  2.902368e-04 -4.887121e-16  0.000000e+00  0.000000e+00  0.000000e+00 
-2.856912e-15  2.762283e-04 -4.552054e-16  0.000000e+00  0.000000e+00  0.000000e+00 
-2.833864e-15  2.619873e-04 -4.319262e-16  0.000000e+00  0.000000e+00  0.000000e+00 
-2.856603e-15  2.475394e-04 -3.973833e-16  0.000000e+00  0.000000e+00  0.000000e+00 
-2.853205e-15  2.329098e-04 -3.709850e-16  0.000000e+00  0.000000e+00  0.000000e+00 
-2.847658e-15  2.181227e-04 -3.334355e-16  0.000000e+00  0.000000e+00  0.000000e+00 
-2.791790e-15  2.032015e-04 -3.084640e-16  0.000000e+00  0.000000e+00  0.000000e+00 
-2.785082e-15  1.881691e-04 -2.844121e-16  0.000000e+00  0.000000e+00  0.000000e+00 
-2.764862e-15  1.730469e-04 -2.393468e-16  0.000000e+00  0.000000e+00  0.000000e+00 
-2.759956e-15  1.578560e-04 -2.113060e-16  0.000000e+00  0.000000e+00  0.000000e+00 
-2.753764e-15  1.426160e-04 -1.770735e-16  0.000000e+00  0.000000e+00  0.000000e+00 
-2.729871e-15  1.273460e-04 -1.452213e-16  0.000000e+00  0.000000e+00  0.000000e+00 
-2.684570e-15  1.120640e-04 -1.288646e-16  0.000000e+00  0.000000e+00  0.000000e+00 
-2.658285e-15  9.678690e-05 -1.062164e-16  0.000000e+00  0.000000e+00  0.000000e+00 
-2.597998e-15  8.153082e-05 -9.039678e-17  0.000000e+00  0.000000e+00  0.000000e+00 
-2.602740e-15  6.631088e-05 -7.180734e-17  0.000000e+00  0.000000e+00  0.000000e+00 
-2.587115e-15  5.114128e-05 -5.191610e-17  0.000000e+00  0.000000e+00  0.000000e+00 
-2.572896e-15  3.603531e-05 -2.804283e-17  0.000000e+00  0.000000e+00  0.000000e+00 
-2.556508e-15  2.100536e-05 -5.494614e-18  0.000000e+00  0.000000e+00  0.000000e+00 
-2.532436e-15  6.062958e-06  7.633847e-18  0.000000e+00  0.000000e+00  0.000000e+00 
-2.487919e-15 -8.781204e-06  3.000589e-17  0.000000e+00  0.000000e+00  0.000000e+00 
-2.473200e-15 -2.351726e-05  5.478965e-17  0.000000e+00  0.000000e+00  0.000000e+00 
-2.465366e-15 -3.813613e-05  6.325546e-17  0.000000e+00  0.000000e+00  0.000000e+00 
-2.440929e-15 -5.262948e-05  8.794902e-17  0.000000e+00  0.000000e+00  0.000000e+00 
-2.410304e-15 -6.698974e-05  1.019492e-16  0.000000e+00  0.000000e+00  0.000000e+00 
-2.360958e-15 -8.120998e-05  1.166924e-16  0.000000e+00  0.000000e+00  0.000000e+00 
-2.349190e-15 -9.528399e-05  1.293982e-16  0.000000e+00  0.000000e+00  0.000000e+00 
-2.318273e-15 -1.092062e-04  1.291176e-16  0.000000e+00  0.000000e+00  0.000000e+00 
-2.273338e-15 -1.229715e-04  1.427366e-16  0.000000e+00  0.000000e+00  0.000000e+00 
-2.232343e-15 -1.365756e-04  1.485460e-16  0.000000e+00  0.000000e+00  0.000000e+00 
-2.180903e-15 -1.500145e-04  1.515378e-16  0.000000e+00  0.000000e+00  0.000000e+00 
-2.130432e-15 -1.632849e-04  1.517258e-16  0.000000e+00  0.000000e+00  0.000000e+00 
-2.076627e-15 -1.763839e-04  1.408536e-16  0.000000e+00  0.000000e+00  0.000000e+00 
-2.037617e-15 -1.893090e-04  1.499388e-16  0.000000e+00  0.000000e+00  0.000000e+00 
-2.033719e-15 -2.020582e-04  1.622810e-16  0.000000e+00  0.000000e+00  0.000000e+00 
-2.013676e-15 -2.146300e-04  1.705214e-16  0.000000e+00  0.000000e+00  0.000000e+00 
-1.977451e-15 -2.270230e-04  1.862274e-16  0.000000e+00  0.000000e+00  0.000000e+00 
-1.964030e-15 -2.392363e-04  1.841140e-16  0.000000e+00  0.000000e+00  0.000000e+00 
-1.935571e-15 -2.512694e-04  1.871897e-16  0.000000e+00  0.000000e+00  0.000000e+00 
-1.890977e-15 -2.631219e-04  1.820801e-16  0.000000e+00  0.000000e+00  0.000000e+00 
-1.897017e-15 -2.747939e-04  1.875186e-16  0.000000e+00  0.000000e+00  0.000000e+00 
-1.864570e-15 -2.862856e-04  1.867366e-16  0.000000e+00  0.000000e+00  0.000000e+00 
-1.844064e-15 -2.975975e-04  1.897640e-16  0.000000e+00  0.000000e+00  0.000000e+00 
-1.820835e-15 -3.087302e-04  2.024847e-16  0.000000e+00  0.000000e+00  0.000000e+00 
-1.773043e-15 -3.196847e-04  2.042295e-16  0.000000e+00  0.000000e+00  0.000000e+00 
-1.735163e-15 -3.304621e-04  2.053036e-16  0.000000e+00  0.000000e+00  0.000000e+00 
-1.713771e-15 -3.410636e-04  2.109177e-16  0.000000e+00  0.000000e+00  0.000000e+00 
-1.701824e-15 -3.514905e-04  2.186968e-16  0.000000e+00  0.000000e+00  0.000000e+00 
-1.677013e-15 -3.617445e-04  2.123715e-16  0.000000e+00  0.000000e+00  0.000000e+00 
-1.657619e-15 -3.718271e-04  1.965203e-16  0.000000e+00  0.000000e+00  0.000000e+00 
-1.635434e-15 -3.817401e-04  1.963560e-16  0.000000e+00  0.000000e+00  0.000000e+00 
-1.576534e-15 -3.914854e-04  1.923626e-16  0.000000e+00  0.000000e+00  0.000000e+00 
-1.560346e-15 -4.010649e-04  1.861301e-16  0.000000e+00  0.000000e+00  0.000000e+00 
-1.529353e-15 -4.104807e-04  1.987789e-16  0.000000e+00  0.000000e+00  0.000000e+00 
-1.503541e-15 -4.197348e-04  1.976252e-16  0.000000e+00  0.000000e+00  0.000000e+00 
-1.464975e-15 -4.288293e-04  1.982151e-16  0.000000e+00  0.000000e+00  0.000000e+00 
-1.418146e-15 -4.377665e-04  1.977247e-16  0.000000e+00  0.000000e+00  0.000000e+00 
-1.372553e-15 -4.465487e-04  1.842181e-16  0.000000e+00  0.000000e+00  0.000000e+00 
-1.350025e-15 -4.551780e-04  1.742096e-16  0.000000e+00  0.000000e+00  0.000000e+00 
-1.321427e-15 -4.636568e-04  1.621607e-16  0.000000e+00  0.000000e+00  0.000000e+00 
-1.318738e-15 -4.719874e-04  1.623912e-16  0.000000e+00  0.000000e+00  0.000000e+00 
-1.288526e-15 -4.801721e-04  1.590265e-16  0.000000e+00  0.000000e+00  0.000000e+00 
-1.249997e-15 -4.882134e-04  1.536793e-16  0.000000e+00  0.000000e+00  0.000000e+00 
-1.286061e-15 -4.961135e-04  1.520004e-16  0.000000e+00  0.000000e+00  0.000000e+00 
-1.287162e-15 -5.038748e-04  1.459728e-16  0.000000e+00  0.000000e+00  0.000000e+00 
-1.274767e-15 -5.114998e-04  1.474516e-16  0.000000e+00  0.000000e+00  0.000000e+00 
-1.237778e-15 -5.189906e-04  1.445003e-16  0.000000e+00  0.000000e+00  0.000000e+00 
-1.228722e-15 -5.263498e-04  1.483884e-16  0.000000e+00  0.000000e+00  0.000000e+00 
-1.236371e-15 -5.335796e-04  1.408908e-16  0.000000e+00  0.000000e+00  0.000000e+00 
-1.186729e-15 -5.406824e-04  1.413443e-16  0.000000e+00  0.000000e+00  0.000000e+00 
-1.143402e-15 -5.476604e-04  1.344665e-16  0.000000e+00  0.000000e+00  0.000000e+00 
-1.083804e-15 -5.545159e-04  1.282478e-16  0.000000e+00  0.000000e+00  0.000000e+00 
-1.060329e-15 -5.612512e-04  1.204655e-16  0.000000e+00  0.000000e+00  0.000000e+00 
-1.024873e-15 -5.678686e-04  1.186229e-16  0.000000e+00  0.000000e+00  0.000000e+00 
-1.027855e-15 -5.743703e-04  1.282094e-16  0.000000e+00  0.000000e+00  0.000000e+00 
-1.026962e-15 -5.807584e-04  1.238781e-16  0.000000e+00  0.000000e+00  0.000000e+00 
-1.046771e-15 -5.870351e-04  1.201381e-16  0.000000e+00  0.000000e+00  0.000000e+00 
-1.050982e-15 -5.932026e-04  1.167944e-16  0.000000e+00  0.000000e+00  0.000000e+00 
-1.039030e-15 -5.992630e-04  1.091631e-16  0.000000e+00  0.000000e+00  0.000000e+00 
-1.001041e-15 -6.052183e-04  9.426192e-17  0.000000e+00  0.000000e+00  0.000000e+00 
-9.515332e-16 -6.110706e-04  9.088920e-17  0.000000e+00  0.000000e+00  0.000000e+00 
-9.311052e-16 -6.168219e-04  8.718043e-17  0.000000e+00  0.000000e+00  0.000000e+00 
-9.019186e-16 -6.224742e-04  8.680701e-17  0.000000e+00  0.000000e+00  0.000000e+00 
-8.677253e-16 -6.280294e-04  8.044315e-17  0.000000e+00  0.000000e+00  0.000000e+00 
-8.562818e-16 -6.334895e-04  6.844436e-17  0.000000e+00  0.000000e+00  0.000000e+00 
-8.588891e-16 -6.388564e-04  7.025742e-17  0.000000e+00  0.000000e+00  0.000000e+00 
-8.325415e-16 -6.441318e-04  5.652708e-17  0.000000e+00  0.000000e+00  0.000000e+00 
-8.364391e-16 -6.493177e-04  5.329132e-17  0.000000e+00  0.000000e+00  0.000000e+00 
-8.240899e-16 -6.544159e-04  5.312406e-17  0.000000e+00  0.000000e+00  0.000000e+00 
-8.276028e-16 -6.594280e-04  5.201740e-17  0.000000e+00  0.000000e+00  0.000000e+00 
-8.224604e-16 -6.643558e-04  5.167430e-17  0.000000e+00  0.000000e+00  0.000000e+00 
-8.162824e-16 -6.692010e-04  5.053868e-17  0.000000e+00  0.000000e+00  0.000000e+00 
-7.798591e-16 -6.739652e-04  3.932659e-17  0.000000e+00  0.000000e+00  0.000000e+00 
-7.511271e-16 -6.786502e-04  3.446529e-17  0.000000e+00  0.000000e+00  0.000000e+00 
-7.556315e-16 -6.832574e-04  3.367811e-17  0.000000e+00  0.000000e+00  0.000000e+00 
-7.391531e-16 -6.877885e-04  2.503683e-17  0.000000e+00  0.000000e+00  0.000000e+00 
-7.284152e-16 -6.922450e-04  1.672340e-17  0.000000e+00  0.000000e+00  0.000000e+00 
-7.075553e-16 -6.966284e-04  1.349124e-17  0.000000e+00  0.000000e+00  0.000000e+00 
-6.766150e-16 -7.009401e-04  7.861451e-18  0.000000e+00  0.000000e+00  0.000000e+00 
-6.834935e-16 -7.051817e-04  1.003232e-17  0.000000e+00  0.000000e+00  0.000000e+00 
-6.570490e-16 -7.093545e-04 -1.653509e-18  0.000000e+00  0.000000e+00  0.000000e+00 
-6.595938e-16 -7.134599e-04  8.900520e-19  0.000000e+00  0.000000e+00  0.000000e+00 
-6.760475e-16 -7.174993e-04  1.884589e-18  0.000000e+00  0.000000e+00  0.000000e+00 
-6.606699e-16 -7.214740e-04 -7.927276e-18  0.000000e+00  0.000000e+00  0.000000e+00 
-6.379116e-16 -7.253853e-04 -1.456815e-17  0.000000e+00  0.000000e+00  0.000000e+00 
-6.417296e-16 -7.292345e-04 -8.049824e-18  0.000000e+00  0.000000e+00  0.000000e+00 
-6.196574e-16 -7.330228e-04 -1.016016e-17  0.000000e+00  0.000000e+00  0.000000e+00 
-6.097410e-16 -7.367515e-04 -8.624147e-18  0.000000e+00  0.000000e+00  0.000000e+00 
-6.037646e-16 -7.404217e-04  1.088546e-18  0.000000e+00  0.000000e+00  0.000000e+00 
-5.799912e-16 -7.440347e-04  8.532493e-18  0.000000e+00  0.000000e+00  0.000000e+00 
-5.746401e-16 -7.475915e-04  1.688799e-17  0.000000e+00  0.000000e+00  0.000000e+00 
-5.797819e-16 -7.510933e-04  1.728754e-17  0.000000e+00  0.000000e+00  0.000000e+00 
-5.527367e-16 -7.545412e-04  1.258551e-17  0.000000e+00  0.000000e+00  0.000000e+00 
-5.412786e-16 -7.579363e-04 -1.658550e-18  0.000000e+00  0.000000e+00  0.000000e+00 
-4.982189e-16 -7.612796e-04 -7.565194e-18  0.000000e+00  0.000000e+00  0.000000e+00 
-4.975206e-16 -7.645722e-04 -1.682568e-18  0.000000e+00  0.000000e+00  0.000000e+00 
-5.111594e-16 -7.678150e-04 -6.107934e-18  0.000000e+00  0.000000e+00  0.000000e+00 
-5.200963e-16 -7.710090e-04  5.178508e-18  0.000000e+00  0.000000e+00  0.000000e+00 
-4.974969e-16 -7.741553e-04 -9.091460e-18  0.000000e+00  0.000000e+00  0.000000e+00 
-5.056124e-16 -7.772547e-04 -1.949528e-17  0.000000e+00  0.000000e+00  0.000000e+00 
-4.618522e-16 -7.803082e-04 -2.767795e-17  0.000000e+00  0.000000e+00  0.000000e+00 
-4.755086e-16 -7.833166e-04 -2.832253e-17  0.000000e+00  0.000000e+00  0.000000e+00 
-4.564709e-16 -7.862810e-04 -3.780821e-17  0.000000e+00  0.000000e+00  0.000000e+00 
-4.436970e-16 -7.892021e-04 -3.192810e-17  0.000000e+00  0.000000e+00  0.000000e+00 
-4.258527e-16 -7.920807e-04 -2.823020e-17  0.000000e+00  0.000000e+00  0.000000e+00 
-4.092176e-16 -7.949178e-04 -2.252894e-17  0.000000e+00  0.000000e+00  0.000000e+00 
-4.007625e-16 -7.977141e-04 -3.570771e-17  0.000000e+00  0.000000e+00  0.000000e+00 
-3.876866e-16 -8.004704e-04 -4.700492e-17  0.000000e+00  0.000000e+00  0.000000e+00 
-3.802512e-16 -8.031875e-04 -5.019683e-17  0.000000e+00  0.000000e+00  0.000000e+00 
-3.884155e-16 -8.058661e-04 -7.489408e-17  0.000000e+00  0.000000e+00  0.000000e+00 
-3.772178e-16 -8.085071e-04 -8.778207e-17  0.000000e+00  0.000000e+00  0.000000e+00 
-3.728012e-16 -8.111111e-04 -9.002297e-17  0.000000e+00  0.000000e+00  0.000000e+00 
-3.702616e-16 -8.136788e-04 -8.883028e-17  0.000000e+00  0.000000e+00  0.000000e+00 
-3.744297e-16 -8.162109e-04 -7.611041e-17  0.000000e+00  0.000000e+00  0.000000e+00 
-3.900980e-16 -8.187082e-04 -8.538202e-17  0.000000e+00  0.000000e+00  0.000000e+00 
-3.578282e-16 -8.211713e-04 -9.182586e-17  0.000000e+00  0.000000e+00  0.000000e+00 
-3.410245e-16 -8.236008e-04 -9.206248e-17  0.000000e+00  0.000000e+00  0.000000e+00 
-3.363381e-16 -8.259974e-04 -9.962559e-17  0.000000e+00  0.000000e+00  0.000000e+00 
-3.201069e-16 -8.283618e-04 -9.224133e-17  0.000000e+00  0.000000e+00  0.000000e+00 
-3.157087e-16 -8.306944e-04 -8.277137e-17  0.000000e+00  0.000000e+00  0.000000e+00 
-3.341974e-16 -8.329960e-04 -7.333752e-17  0.000000e+00  0.000000e+00  0.000000e+00 
-3.077706e-16 -8.352671e-04 -6.543226e-17  0.000000e+00  0.000000e+00  0.000000e+00 
-3.262075e-16 -8.375083e-04 -6.686030e-17  0.000000e+00  0.000000e+00  0.000000e+00 
-3.153625e-16 -8.397202e-04 -6.092880e-17  0.000000e+00  0.000000e+00  0.000000e+00 
-2.848879e-16 -8.419033e-04 -6.097294e-17  0.000000e+00  0.000000e+00  0.000000e+00 
-2.836179e-16 -8.440582e-04 -8.029117e-17  0.000000e+00  0.000000e+00  0.000000e+00 
-2.958338e-16 -8.461853e-04 -9.907629e-17  0.000000e+00  0.000000e+00  0.000000e+00 
-2.675274e-16 -8.482853e-04 -1.084933e-16  0.000000e+00  0.000000e+00  0.000000e+00 
-2.640551e-16 -8.503585e-04 -1.193951e-16  0.000000e+00  0.000000e+00  0.000000e+00 
-2.729001e-16 -8.524056e-04 -1.259854e-16  0.000000e+00  0.000000e+00  0.000000e+00 
-2.671805e-16 -8.544270e-04 -1.290443e-16  0.000000e+00  0.000000e+00  0.000000e+00 
-2.510898e-16 -8.564232e-04 -1.161752e-16  0.000000e+00  0.000000e+00  0.000000e+00 
-2.545383e-16 -8.583947e-04 -1.099166e-16  0.000000e+00  0.000000e+00  0.000000e+00 
-2.486351e-16 -8.603418e-04 -1.078716e-16  0.000000e+00  0.000000e+00  0.000000e+00 
-2.475614e-16 -8.622651e-04 -1.035957e-16  0.000000e+00  0.000000e+00  0.000000e+00 
-2.436498e-16 -8.641651e-04 -1.117853e-16  0.000000e+00  0.000000e+00  0.000000e+00 
-2.340837e-16 -8.660420e-04 -1.312254e-16  0.000000e+00  0.000000e+00  0.000000e+00 
-2.369467e-16 -8.678965e-04 -1.470890e-16  0.000000e+00  0.000000e+00  0.000000e+00 
-2.336205e-16 -8.697288e-04 -1.576506e-16  0.000000e+00  0.000000e+00  0.000000e+00 
-2.137223e-16 -8.715394e-04 -1.688715e-16  0.000000e+00  0.000000e+00  0.000000e+00 
-1.816623e-16 -8.733287e-04 -1.730418e-16  0.000000e+00  0.000000e+00  0.000000e+00 
-1.677572e-16 -8.750970e-04 -1.736131e-16  0.000000e+00  0.000000e+00  0.000000e+00 
-1.548505e-16 -8.768448e-04 -1.732438e-16  0.000000e+00  0.000000e+00  0.000000e+00 
-1.366482e-16 -8.785725e-04 -1.739385e-16  0.000000e+00  0.000000e+00  0.000000e+00 
-1.340279e-16 -8.802804e-04 -1.739218e-16  0.000000e+00  0.000000e+00  0.000000e+00 
-1.120949e-16 -8.819688e-04 -1.745898e-16  0.000000e+00  0.000000e+00  0.000000e+00 
-1.042676e-16 -8.836382e-04 -1.636475e-16  0.000000e+00  0.000000e+00  0.000000e+00 
-9.064361e-17 -8.852888e-04 -1.469685e-16  0.000000e+00  0.000000e+00  0.000000e+00 
-9.084716e-17 -8.869211e-04 -1.400116e-16  0.000000e+00  0.000000e+00  0.000000e+00 
-9.961034e-17 -8.885353e-04 -1.446285e-16  0.000000e+00  0.000000e+00  0.000000e+00 
-8.186599e-17 -8.901318e-04 -1.471418e-16  0.000000e+00  0.000000e+00  0.000000e+00 
-1.052386e-16 -8.917109e-04 -1.578887e-16  0.000000e+00  0.000000e+00  0.000000e+00 
-1.289915e-16 -8.932729e-04 -1.528010e-16  0.000000e+00  0.000000e+00  0.000000e+00 
-1.272592e-16 -8.948182e-04 -1.541256e-16  0.000000e+00  0.000000e+00  0.000000e+00 
-1.124140e-16 -8.963470e-04 -1.615870e-16  0.000000e+00  0.000000e+00  0.000000e+00 
-9.264980e-17 -8.978596e-04 -1.480677e-16  0.000000e+00  0.000000e+00  0.000000e+00 
-7.137805e-17 -8.993564e-04 -1.538276e-16  0.000000e+00  0.000000e+00  0.000000e+00 
-3.287349e-17 -9.008376e-04 -1.441061e-16  0.000000e+00  0.000000e+00  0.000000e+00 
-2.634493e-17 -9.023035e-04 -1.644651e-16  0.000000e+00  0.000000e+00  0.000000e+00 
-4.837291e-17 -9.037544e-04 -1.668380e-16  0.000000e+00  0.000000e+00  0.000000e+00 
-5.987225e-17 -9.051905e-04 -1.835706e-16  0.000000e+00  0.000000e+00  0.000000e+00 
-6.010698e-17 -9.066122e-04 -1.818142e-16  0.000000e+00  0.000000e+00  0.000000e+00 
-4.276557e-17 -9.080196e-04 -1.815264e-16  0.000000e+00  0.000000e+00  0.000000e+00 
-3.234260e-17 -9.094131e-04 -1.753570e-16  0.000000e+00  0.000000e+00  0.000000e+00 
-1.545682e-17 -9.107929e-04 -1.746014e-16  0.000000e+00  0.000000e+00  0.000000e+00 
-3.497706e-17 -9.121593e-04 -1.849289e-16  0.000000e+00  0.000000e+00  0.000000e+00 
-5.228434e-17 -9.135124e-04 -1.999588e-16  0.000000e+00  0.000000e+00  0.000000e+00 
-3.599286e-17 -9.148526e-04 -1.899362e-16  0.000000e+00  0.000000e+00  0.000000e+00 
-2.600192e-17 -9.161801e-04 -1.757186e-16  0.000000e+00  0.000000e+00  0.000000e+00 
-2.625338e-17 -9.174951e-04 -1.825415e-16  0.000000e+00  0.000000e+00  0.000000e+00 
-2.430748e-17 -9.187978e-04 -1.849104e-16  0.000000e+00  0.000000e+00  0.000000e+00 
-1.379046e-17 -9.200885e-04 -1.644201e-16  0.000000e+00  0.000000e+00  0.000000e+00 
 2.055629e-17 -9.213674e-04 -1.400307e-16  0.000000e+00  0.000000e+00  0.000000e+00 
 1.205925e-17 -9.226347e-04 -1.264478e-16  0.000000e+00  0.000000e+00  0.000000e+00 
 1.880497e-17 -9.238907e-04 -1.432659e-16  0.000000e+00  0.000000e+00  0.000000e+00 
-1.225486e-18 -9.251354e-04 -1.562440e-16  0.000000e+00  0.000000e+00  0.000000e+00 
-3.242933e-18 -9.263692e-04 -1.764791e-16  0.000000e+00  0.000000e+00  0.000000e+00 
 2.114103e-17 -9.275923e-04 -1.977967e-16  0.000000e+00  0.000000e+00  0.000000e+00 
 2.988899e-17 -9.288047e-04 -2.092422e-16  0.000000e+00  0.000000e+00  0.000000e+00 
