 0.000000e+00 -2.353155e-05  0.000000e+00  0.000000e+00  0.000000e+00  0.000000e+00 
-4.141124e-03  1.149777e-02 -1.112463e-02  0.000000e+00  0.000000e+00  0.000000e+00 
-4.003514e-03  1.423983e-02 -1.343039e-02  0.000000e+00  0.000000e+00  0.000000e+00 
-2.887916e-03  1.309529e-02 -1.229323e-02  0.000000e+00  0.000000e+00  0.000000e+00 
-2.048210e-03  1.061653e-02 -1.013679e-02  0.000000e+00  0.000000e+00  0.000000e+00 
-1.633547e-03  8.036334e-03 -7.950245e-03  0.000000e+00  0.000000e+00  0.000000e+00 
-1.496871e-03  5.824433e-03 -6.084283e-03  0.000000e+00  0.000000e+00  0.000000e+00 
-1.495069e-03  4.075191e-03 -4.609948e-03  0.000000e+00  0.000000e+00  0.000000e+00 
-1.538983e-03  2.731521e-03 -3.480058e-03  0.000000e+00  0.000000e+00  0.000000e+00 
-1.571491e-03  1.700132e-03 -2.607747e-03  0.000000e+00  0.000000e+00  0.000000e+00 
-1.548824e-03  9.069961e-04 -1.911359e-03  0.000000e+00  0.000000e+00  0.000000e+00 
-1.444311e-03  3.126287e-04 -1.339154e-03  0.000000e+00  0.000000e+00  0.000000e+00 
-1.259477e-03 -1.017525e-04 -8.711254e-04  0.000000e+00  0.000000e+00  0.000000e+00 
-1.021636e-03 -3.553388e-04 -5.036162e-04  0.000000e+00  0.000000e+00  0.000000e+00 
-7.681720e-04 -4.771488e-04 -2.332554e-04  0.000000e+00  0.000000e+00  0.000000e+00 
-5.311985e-04 -5.027804e-04 -5.015685e-05  0.000000e+00  0.000000e+00  0.000000e+00 
-3.305359e-04 -4.670790e-04  6.115082e-05  0.000000e+00  0.000000e+00  0.000000e+00 
-1.739191e-04 -3.988431e-04  1.181456e-04  0.000000e+00  0.000000e+00  0.000000e+00 
-6.047333e-05 -3.189067e-04  1.372448e-04  0.000000e+00  0.000000e+00  0.000000e+00 
 1.545468e-05 -2.406167e-04  1.321308e-04  0.000000e+00  0.000000e+00  0.000000e+00 
 6.137109e-05 -1.714025e-04  1.132585e-04  0.000000e+00  0.000000e+00  0.000000e+00 
 8.482851e-05 -1.145378e-04  8.807296e-05  0.000000e+00  0.000000e+00  0.000000e+00 
 9.251571e-05 -7.064617e-05  6.153767e-05  0.000000e+00  0.000000e+00  0.000000e+00 
 8.992329e-05 -3.881477e-05  3.671695e-05  0.000000e+00  0.000000e+00  0.000000e+00 
 8.131826e-05 -1.734573e-05  1.529126e-05  0.000000e+00  0.000000e+00  0.000000e+00 
 6.985536e-05 -4.237189e-06 -2.030793e-06  0.000000e+00  0.000000e+00  0.000000e+00 
 5.773571e-05  2.517264e-06 -1.519494e-05  0.000000e+00  0.000000e+00  0.000000e+00 
 4.637635e-05  4.747641e-06 -2.455735e-05  0.000000e+00  0.000000e+00  0.000000e+00 
 3.657772e-05  4.007855e-06 -3.069811e-05  0.000000e+00  0.000000e+00  0.000000e+00 
 2.868170e-05  1.535279e-06 -3.428287e-05  0.000000e+00  0.000000e+00  0.000000e+00 
 2.271331e-05 -1.746526e-06 -3.596663e-05  0.000000e+00  0.000000e+00  0.000000e+00 
 1.849993e-05 -5.196385e-06 -3.633428e-05  0.000000e+00  0.000000e+00  0.000000e+00 
 1.576469e-05 -8.408440e-06 -3.587039e-05  0.000000e+00  0.000000e+00  0.000000e+00 
 1.419429e-05 -1.115997e-05 -3.495075e-05  0.000000e+00  0.000000e+00  0.000000e+00 
 1.348410e-05 -1.336140e-05 -3.384800e-05  0.000000e+00  0.000000e+00  0.000000e+00 
 1.336468e-05 -1.501278e-05 -3.274529e-05  0.000000e+00  0.000000e+00  0.000000e+00 
 1.361450e-05 -1.616850e-05 -3.175345e-05  0.000000e+00  0.000000e+00  0.000000e+00 
 1.406296e-05 -1.691060e-05 -3.092846e-05  0.000000e+00  0.000000e+00  0.000000e+00 
 1.458726e-05 -1.732973e-05 -3.028752e-05  0.000000e+00  0.000000e+00  0.000000e+00 
 1.510583e-05 -1.751283e-05 -2.982257e-05  0.000000e+00  0.000000e+00  0.000000e+00 
 1.557024e-05 -1.753583e-05 -2.951105e-05  0.000000e+00  0.000000e+00  0.000000e+00 
 1.595709e-05 -1.746034e-05 -2.932394e-05  0.000000e+00  0.000000e+00  0.000000e+00 
 1.626043e-05 -1.733297e-05 -2.923129e-05  0.000000e+00  0.000000e+00  0.000000e+00 
 1.648539e-05 -1.718647e-05 -2.920583e-05  0.000000e+00  0.000000e+00  0.000000e+00 
 1.664313e-05 -1.704175e-05 -2.922482e-05  0.000000e+00  0.000000e+00  0.000000e+00 
 1.674693e-05 -1.691052e-05 -2.927084e-05  0.000000e+00  0.000000e+00  0.000000e+00 
 1.680950e-05 -1.679793e-05 -2.933159e-05  0.000000e+00  0.000000e+00  0.000000e+00 
 1.684136e-05 -1.670525e-05 -2.939899e-05  0.000000e+00  0.000000e+00  0.000000e+00 
 1.685049e-05 -1.663205e-05 -2.946776e-05  0.000000e+00  0.000000e+00  0.000000e+00 
 1.684299e-05 -1.657758e-05 -2.953393e-05  0.000000e+00  0.000000e+00  0.000000e+00 
 1.682438e-05 -1.654077e-05 -2.959409e-05  0.000000e+00  0.000000e+00  0.000000e+00 
 1.680024e-05 -1.651965e-05 -2.964561e-05  0.000000e+00  0.000000e+00  0.000000e+00 
 1.677578e-05 -1.651096e-05 -2.968738e-05  0.000000e+00  0.000000e+00  0.000000e+00 
 1.675491e-05 -1.651066e-05 -2.971996e-05  0.000000e+00  0.000000e+00  0.000000e+00 
 1.673976e-05 -1.651479e-05 -2.974526e-05  0.000000e+00  0.000000e+00  0.000000e+00 
 1.673079e-05 -1.652020e-05 -2.976575e-05  0.000000e+00  0.000000e+00  0.000000e+00 
 1.672741e-05 -1.652481e-05 -2.978377e-05  0.000000e+00  0.000000e+00  0.000000e+00 
 1.672860e-05 -1.652757e-05 -2.980110e-05  0.000000e+00  0.000000e+00  0.000000e+00 
 1.673330e-05 -1.652812e-05 -2.981870e-05  0.000000e+00  0.000000e+00  0.000000e+00 
 1.674048e-05 -1.652657e-05 -2.983667e-05  0.000000e+00  0.000000e+00  0.000000e+00 
 1.674897e-05 -1.652329e-05 -2.985474e-05  0.000000e+00  0.000000e+00  0.000000e+00 
 1.675766e-05 -1.651877e-05 -2.987270e-05  0.000000e+00  0.000000e+00  0.000000e+00 
 1.676570e-05 -1.651349e-05 -2.989070e-05  0.000000e+00  0.000000e+00  0.000000e+00 
 1.677274e-05 -1.650783e-05 -2.990901e-05  0.000000e+00  0.000000e+00  0.000000e+00 
 1.677877e-05 -1.650207e-05 -2.992786e-05  0.000000e+00  0.000000e+00  0.000000e+00 
 1.678397e-05 -1.649637e-05 -2.994732e-05  0.000000e+00  0.000000e+00  0.000000e+00 
 1.678860e-05 -1.649085e-05 -2.996730e-05  0.000000e+00  0.000000e+00  0.000000e+00 
 1.679292e-05 -1.648555e-05 -2.998767e-05  0.000000e+00  0.000000e+00  0.000000e+00 
 1.679716e-05 -1.648043e-05 -3.000825e-05  0.000000e+00  0.000000e+00  0.000000e+00 
 1.680148e-05 -1.647546e-05 -3.002892e-05  0.000000e+00  0.000000e+00  0.000000e+00 
 1.680595e-05 -1.647057e-05 -3.004959e-05  0.000000e+00  0.000000e+00  0.000000e+00 
 1.681061e-05 -1.646570e-05 -3.007021e-05  0.000000e+00  0.000000e+00  0.000000e+00 
 1.681544e-05 -1.646080e-05 -3.009079e-05  0.000000e+00  0.000000e+00  0.000000e+00 
 1.682039e-05 -1.645585e-05 -3.011131e-05  0.000000e+00  0.000000e+00  0.000000e+00 
 1.682542e-05 -1.645086e-05 -3.013180e-05  0.000000e+00  0.000000e+00  0.000000e+00 
 1.683048e-05 -1.644582e-05 -3.015228e-05  0.000000e+00  0.000000e+00  0.000000e+00 
 1.683554e-05 -1.644074e-05 -3.017276e-05  0.000000e+00  0.000000e+00  0.000000e+00 
 1.684058e-05 -1.643565e-05 -3.019326e-05  0.000000e+00  0.000000e+00  0.000000e+00 
 1.684560e-05 -1.643053e-05 -3.021378e-05  0.000000e+00  0.000000e+00  0.000000e+00 
 1.685058e-05 -1.642542e-05 -3.023434e-05  0.000000e+00  0.000000e+00  0.000000e+00 
 1.685555e-05 -1.642030e-05 -3.025491e-05  0.000000e+00  0.000000e+00  0.000000e+00 
 1.686051e-05 -1.641519e-05 -3.027551e-05  0.000000e+00  0.000000e+00  0.000000e+00 
 1.686547e-05 -1.641007e-05 -3.029613e-05  0.000000e+00  0.000000e+00  0.000000e+00 
 1.687042e-05 -1.640496e-05 -3.031677e-05  0.000000e+00  0.000000e+00  0.000000e+00 
 1.687538e-05 -1.639985e-05 -3.033742e-05  0.000000e+00  0.000000e+00  0.000000e+00 
 1.688035e-05 -1.639473e-05 -3.035808e-05  0.000000e+00  0.000000e+00  0.000000e+00 
 1.688532e-05 -1.638961e-05 -3.037875e-05  0.000000e+00  0.000000e+00  0.000000e+00 
 1.689030e-05 -1.638448e-05 -3.039944e-05  0.000000e+00  0.000000e+00  0.000000e+00 
 1.689528e-05 -1.637934e-05 -3.042014e-05  0.000000e+00  0.000000e+00  0.000000e+00 
 1.690027e-05 -1.637420e-05 -3.044084e-05  0.000000e+00  0.000000e+00  0.000000e+00 
 1.690526e-05 -1.636905e-05 -3.046157e-05  0.000000e+00  0.000000e+00  0.000000e+00 
 1.691025e-05 -1.636390e-05 -3.048230e-05  0.000000e+00  0.000000e+00  0.000000e+00 
 1.691524e-05 -1.635874e-05 -3.050305e-05  0.000000e+00  0.000000e+00  0.000000e+00 
 1.692023e-05 -1.635358e-05 -3.052381e-05  0.000000e+00  0.000000e+00  0.000000e+00 
 1.692522e-05 -1.634841e-05 -3.054459e-05  0.000000e+00  0.000000e+00  0.000000e+00 
 1.693022e-05 -1.634324e-05 -3.056538e-05  0.000000e+00  0.000000e+00  0.000000e+00 
 1.693521e-05 -1.633806e-05 -3.058618e-05  0.000000e+00  0.000000e+00  0.000000e+00 
 1.694021e-05 -1.633288e-05 -3.060700e-05  0.000000e+00  0.000000e+00  0.000000e+00 
 1.694521e-05 -1.632769e-05 -3.062783e-05  0.000000e+00  0.000000e+00  0.000000e+00 
 1.695021e-05 -1.632250e-05 -3.064868e-05  0.000000e+00  0.000000e+00  0.000000e+00 
 1.695521e-05 -1.631730e-05 -3.066953e-05  0.000000e+00  0.000000e+00  0.000000e+00 
 1.696022e-05 -1.631210e-05 -3.069040e-05  0.000000e+00  0.000000e+00  0.000000e+00 
 1.696523e-05 -1.630689e-05 -3.071129e-05  0.000000e+00  0.000000e+00  0.000000e+00 
 1.697023e-05 -1.630168e-05 -3.073219e-05  0.000000e+00  0.000000e+00  0.000000e+00 
 1.697525e-05 -1.629646e-05 -3.075310e-05  0.000000e+00  0.000000e+00  0.000000e+00 
 1.698026e-05 -1.629124e-05 -3.077402e-05  0.000000e+00  0.000000e+00  0.000000e+00 
 1.698527e-05 -1.628601e-05 -3.079496e-05  0.000000e+00  0.000000e+00  0.000000e+00 
 1.699029e-05 -1.628078e-05 -3.081591e-05  0.000000e+00  0.000000e+00  0.000000e+00 
 1.699531e-05 -1.627554e-05 -3.083688e-05  0.000000e+00  0.000000e+00  0.000000e+00 
 1.700033e-05 -1.627030e-05 -3.085786e-05  0.000000e+00  0.000000e+00  0.000000e+00 
 1.700535e-05 -1.626505e-05 -3.087885e-05  0.000000e+00  0.000000e+00  0.000000e+00 
 1.701037e-05 -1.625980e-05 -3.089985e-05  0.000000e+00  0.000000e+00  0.000000e+00 
 1.701540e-05 -1.625454e-05 -3.092087e-05  0.000000e+00  0.000000e+00  0.000000e+00 
 1.702042e-05 -1.624927e-05 -3.094191e-05  0.000000e+00  0.000000e+00  0.000000e+00 
 1.702545e-05 -1.624400e-05 -3.096295e-05  0.000000e+00  0.000000e+00  0.000000e+00 
 1.703048e-05 -1.623873e-05 -3.098401e-05  0.000000e+00  0.000000e+00  0.000000e+00 
 1.703551e-05 -1.623345e-05 -3.100508e-05  0.000000e+00  0.000000e+00  0.000000e+00 
 1.704055e-05 -1.622817e-05 -3.102617e-05  0.000000e+00  0.000000e+00  0.000000e+00 
 1.704558e-05 -1.622288e-05 -3.104727e-05  0.000000e+00  0.000000e+00  0.000000e+00 
 1.705062e-05 -1.621758e-05 -3.106838e-05  0.000000e+00  0.000000e+00  0.000000e+00 
 1.705566e-05 -1.621228e-05 -3.108951e-05  0.000000e+00  0.000000e+00  0.000000e+00 
 1.706070e-05 -1.620698e-05 -3.111065e-05  0.000000e+00  0.000000e+00  0.000000e+00 
 1.706575e-05 -1.620167e-05 -3.113180e-05  0.000000e+00  0.000000e+00  0.000000e+00 
 1.707079e-05 -1.619635e-05 -3.115297e-05  0.000000e+00  0.000000e+00  0.000000e+00 
 1.707584e-05 -1.619103e-05 -3.117415e-05  0.000000e+00  0.000000e+00  0.000000e+00 
 1.708089e-05 -1.618570e-05 -3.119535e-05  0.000000e+00  0.000000e+00  0.000000e+00 
 1.708594e-05 -1.618037e-05 -3.121655e-05  0.000000e+00  0.000000e+00  0.000000e+00 
 1.709099e-05 -1.617504e-05 -3.123777e-05  0.000000e+00  0.000000e+00  0.000000e+00 
 1.709604e-05 -1.616970e-05 -3.125901e-05  0.000000e+00  0.000000e+00  0.000000e+00 
 1.710110e-05 -1.616435e-05 -3.128026e-05  0.000000e+00  0.000000e+00  0.000000e+00 
 1.710615e-05 -1.615900e-05 -3.130152e-05  0.000000e+00  0.000000e+00  0.000000e+00 
 1.711121e-05 -1.615364e-05 -3.132279e-05  0.000000e+00  0.000000e+00  0.000000e+00 
 1.711627e-05 -1.614828e-05 -3.134408e-05  0.000000e+00  0.000000e+00  0.000000e+00 
 1.712134e-05 -1.614291e-05 -3.136538e-05  0.000000e+00  0.000000e+00  0.000000e+00 
 1.712640e-05 -1.613754e-05 -3.138670e-05  0.000000e+00  0.000000e+00  0.000000e+00 
 1.713147e-05 -1.613216e-05 -3.140802e-05  0.000000e+00  0.000000e+00  0.000000e+00 
 1.713653e-05 -1.612678e-05 -3.142937e-05  0.000000e+00  0.000000e+00  0.000000e+00 
 1.714160e-05 -1.612139e-05 -3.145072e-05  0.000000e+00  0.000000e+00  0.000000e+00 
 1.714667e-05 -1.611599e-05 -3.147209e-05  0.000000e+00  0.000000e+00  0.000000e+00 
 1.715175e-05 -1.611060e-05 -3.149347e-05  0.000000e+00  0.000000e+00  0.000000e+00 
 1.715682e-05 -1.610519e-05 -3.151487e-05  0.000000e+00  0.000000e+00  0.000000e+00 
 1.716190e-05 -1.609978e-05 -3.153628e-05  0.000000e+00  0.000000e+00  0.000000e+00 
 1.716698e-05 -1.609437e-05 -3.155770e-05  0.000000e+00  0.000000e+00  0.000000e+00 
 1.717206e-05 -1.608895e-05 -3.157913e-05  0.000000e+00  0.000000e+00  0.000000e+00 
 1.717714e-05 -1.608352e-05 -3.160058e-05  0.000000e+00  0.000000e+00  0.000000e+00 
 1.718222e-05 -1.607809e-05 -3.162205e-05  0.000000e+00  0.000000e+00  0.000000e+00 
 1.718731e-05 -1.607265e-05 -3.164352e-05  0.000000e+00  0.000000e+00  0.000000e+00 
 1.719239e-05 -1.606721e-05 -3.166501e-05  0.000000e+00  0.000000e+00  0.000000e+00 
 1.719748e-05 -1.606177e-05 -3.168651e-05  0.000000e+00  0.000000e+00  0.000000e+00 
 1.720257e-05 -1.605631e-05 -3.170803e-05  0.000000e+00  0.000000e+00  0.000000e+00 
 1.720766e-05 -1.605086e-05 -3.172956e-05  0.000000e+00  0.000000e+00  0.000000e+00 
 1.721276e-05 -1.604539e-05 -3.175110e-05  0.000000e+00  0.000000e+00  0.000000e+00 
 1.721785e-05 -1.603993e-05 -3.177266e-05  0.000000e+00  0.000000e+00  0.000000e+00 
 1.722295e-05 -1.603445e-05 -3.179423e-05  0.000000e+00  0.000000e+00  0.000000e+00 
 1.722805e-05 -1.602898e-05 -3.181581e-05  0.000000e+00  0.000000e+00  0.000000e+00 
 1.723315e-05 -1.602349e-05 -3.183741e-05  0.000000e+00  0.000000e+00  0.000000e+00 
 1.723825e-05 -1.601800e-05 -3.185902e-05  0.000000e+00  0.000000e+00  0.000000e+00 
 1.724335e-05 -1.601251e-05 -3.188065e-05  0.000000e+00  0.000000e+00  0.000000e+00 
 1.724846e-05 -1.600701e-05 -3.190228e-05  0.000000e+00  0.000000e+00  0.000000e+00 
 1.725357e-05 -1.600150e-05 -3.192393e-05  0.000000e+00  0.000000e+00  0.000000e+00 
 1.725868e-05 -1.599599e-05 -3.194560e-05  0.000000e+00  0.000000e+00  0.000000e+00 
 1.726379e-05 -1.599048e-05 -3.196727e-05  0.000000e+00  0.000000e+00  0.000000e+00 
 1.726890e-05 -1.598495e-05 -3.198897e-05  0.000000e+00  0.000000e+00  0.000000e+00 
 1.727401e-05 -1.597943e-05 -3.201067e-05  0.000000e+00  0.000000e+00  0.000000e+00 
 1.727913e-05 -1.597390e-05 -3.203239e-05  0.000000e+00  0.000000e+00  0.000000e+00 
 1.728425e-05 -1.596836e-05 -3.205412e-05  0.000000e+00  0.000000e+00  0.000000e+00 
 1.728937e-05 -1.596281e-05 -3.207586e-05  0.000000e+00  0.000000e+00  0.000000e+00 
 1.729449e-05 -1.595727e-05 -3.209762e-05  0.000000e+00  0.000000e+00  0.000000e+00 
 1.729961e-05 -1.595171e-05 -3.211939e-05  0.000000e+00  0.000000e+00  0.000000e+00 
 1.730474e-05 -1.594615e-05 -3.214118e-05  0.000000e+00  0.000000e+00  0.000000e+00 
 1.730986e-05 -1.594059e-05 -3.216297e-05  0.000000e+00  0.000000e+00  0.000000e+00 
 1.731499e-05 -1.593502e-05 -3.218479e-05  0.000000e+00  0.000000e+00  0.000000e+00 
 1.732012e-05 -1.592944e-05 -3.220661e-05  0.000000e+00  0.000000e+00  0.000000e+00 
 1.732525e-05 -1.592386e-05 -3.222845e-05  0.000000e+00  0.000000e+00  0.000000e+00 
 1.733038e-05 -1.591828e-05 -3.225030e-05  0.000000e+00  0.000000e+00  0.000000e+00 
 1.733552e-05 -1.591268e-05 -3.227217e-05  0.000000e+00  0.000000e+00  0.000000e+00 
 1.734065e-05 -1.590709e-05 -3.229404e-05  0.000000e+00  0.000000e+00  0.000000e+00 
 1.734579e-05 -1.590148e-05 -3.231594e-05  0.000000e+00  0.000000e+00  0.000000e+00 
 1.735093e-05 -1.589588e-05 -3.233784e-05  0.000000e+00  0.000000e+00  0.000000e+00 
 1.735607e-05 -1.589026e-05 -3.235976e-05  0.000000e+00  0.000000e+00  0.000000e+00 
 1.736122e-05 -1.588464e-05 -3.238169e-05  0.000000e+00  0.000000e+00  0.000000e+00 
 1.736636e-05 -1.587902e-05 -3.240364e-05  0.000000e+00  0.000000e+00  0.000000e+00 
 1.737151e-05 -1.587339e-05 -3.242559e-05  0.000000e+00  0.000000e+00  0.000000e+00 
 1.737665e-05 -1.586775e-05 -3.244757e-05  0.000000e+00  0.000000e+00  0.000000e+00 
 1.738180e-05 -1.586211e-05 -3.246955e-05  0.000000e+00  0.000000e+00  0.000000e+00 
 1.738695e-05 -1.585647e-05 -3.249155e-05  0.000000e+00  0.000000e+00  0.000000e+00 
 1.739211e-05 -1.585081e-05 -3.251356e-05  0.000000e+00  0.000000e+00  0.000000e+00 
 1.739726e-05 -1.584516e-05 -3.253559e-05  0.000000e+00  0.000000e+00  0.000000e+00 
 1.740242e-05 -1.583949e-05 -3.255763e-05  0.000000e+00  0.000000e+00  0.000000e+00 
 1.740758e-05 -1.583382e-05 -3.257968e-05  0.000000e+00  0.000000e+00  0.000000e+00 
 1.741274e-05 -1.582815e-05 -3.260174e-05  0.000000e+00  0.000000e+00  0.000000e+00 
 1.741790e-05 -1.582247e-05 -3.262382e-05  0.000000e+00  0.000000e+00  0.000000e+00 
 1.742306e-05 -1.581679e-05 -3.264591e-05  0.000000e+00  0.000000e+00  0.000000e+00 
 1.742822e-05 -1.581109e-05 -3.266802e-05  0.000000e+00  0.000000e+00  0.000000e+00 
 1.743339e-05 -1.580540e-05 -3.269014e-05  0.000000e+00  0.000000e+00  0.000000e+00 
 1.743856e-05 -1.579970e-05 -3.271227e-05  0.000000e+00  0.000000e+00  0.000000e+00 
 1.744373e-05 -1.579399e-05 -3.273441e-05  0.000000e+00  0.000000e+00  0.000000e+00 
 1.744890e-05 -1.578828e-05 -3.275657e-05  0.000000e+00  0.000000e+00  0.000000e+00 
 1.745407e-05 -1.578256e-05 -3.277874e-05  0.000000e+00  0.000000e+00  0.000000e+00 
 1.745924e-05 -1.577683e-05 -3.280093e-05  0.000000e+00  0.000000e+00  0.000000e+00 
 1.746442e-05 -1.577110e-05 -3.282313e-05  0.000000e+00  0.000000e+00  0.000000e+00 
 1.746960e-05 -1.576537e-05 -3.284534e-05  0.000000e+00  0.000000e+00  0.000000e+00 
 1.747478e-05 -1.575963e-05 -3.286756e-05  0.000000e+00  0.000000e+00  0.000000e+00 
 1.747996e-05 -1.575388e-05 -3.288980e-05  0.000000e+00  0.000000e+00  0.000000e+00 
 1.748514e-05 -1.574813e-05 -3.291205e-05  0.000000e+00  0.000000e+00  0.000000e+00 
 1.749032e-05 -1.574237e-05 -3.293432e-05  0.000000e+00  0.000000e+00  0.000000e+00 
 1.749551e-05 -1.573661e-05 -3.295660e-05  0.000000e+00  0.000000e+00  0.000000e+00 
 1.750069e-05 -1.573084e-05 -3.297889e-05  0.000000e+00  0.000000e+00  0.000000e+00 
 1.750588e-05 -1.572507e-05 -3.300119e-05  0.000000e+00  0.000000e+00  0.000000e+00 
 1.751107e-05 -1.571929e-05 -3.302351e-05  0.000000e+00  0.000000e+00  0.000000e+00 
 1.751627e-05 -1.571350e-05 -3.304584e-05  0.000000e+00  0.000000e+00  0.000000e+00 
 1.752146e-05 -1.570771e-05 -3.306819e-05  0.000000e+00  0.000000e+00  0.000000e+00 
 1.752665e-05 -1.570191e-05 -3.309055e-05  0.000000e+00  0.000000e+00  0.000000e+00 
 1.753185e-05 -1.569611e-05 -3.311292e-05  0.000000e+00  0.000000e+00  0.000000e+00 
 1.753705e-05 -1.569030e-05 -3.313530e-05  0.000000e+00  0.000000e+00  0.000000e+00 
 1.754225e-05 -1.568449e-05 -3.315770e-05  0.000000e+00  0.000000e+00  0.000000e+00 
 1.754745e-05 -1.567867e-05 -3.318011e-05  0.000000e+00  0.000000e+00  0.000000e+00 
 1.755265e-05 -1.567284e-05 -3.320253e-05  0.000000e+00  0.000000e+00  0.000000e+00 
 1.755786e-05 -1.566701e-05 -3.322497e-05  0.000000e+00  0.000000e+00  0.000000e+00 
 1.756306e-05 -1.566118e-05 -3.324742e-05  0.000000e+00  0.000000e+00  0.000000e+00 
 1.756827e-05 -1.565534e-05 -3.326988e-05  0.000000e+00  0.000000e+00  0.000000e+00 
 1.757348e-05 -1.564949e-05 -3.329236e-05  0.000000e+00  0.000000e+00  0.000000e+00 
 1.757869e-05 -1.564363e-05 -3.331485e-05  0.000000e+00  0.000000e+00  0.000000e+00 
 1.758390e-05 -1.563778e-05 -3.333735e-05  0.000000e+00  0.000000e+00  0.000000e+00 
 1.758912e-05 -1.563191e-05 -3.335987e-05  0.000000e+00  0.000000e+00  0.000000e+00 
 1.759433e-05 -1.562604e-05 -3.338240e-05  0.000000e+00  0.000000e+00  0.000000e+00 
 1.759955e-05 -1.562016e-05 -3.340494e-05  0.000000e+00  0.000000e+00  0.000000e+00 
 1.760477e-05 -1.561428e-05 -3.342750e-05  0.000000e+00  0.000000e+00  0.000000e+00 
 1.760999e-05 -1.560839e-05 -3.345007e-05  0.000000e+00  0.000000e+00  0.000000e+00 
 1.761521e-05 -1.560250e-05 -3.347265e-05  0.000000e+00  0.000000e+00  0.000000e+00 
 1.762043e-05 -1.559660e-05 -3.349525e-05  0.000000e+00  0.000000e+00  0.000000e+00 
 1.762566e-05 -1.559070e-05 -3.351786e-05  0.000000e+00  0.000000e+00  0.000000e+00 
 1.763089e-05 -1.558479e-05 -3.354048e-05  0.000000e+00  0.000000e+00  0.000000e+00 
 1.763611e-05 -1.557887e-05 -3.356311e-05  0.000000e+00  0.000000e+00  0.000000e+00 
 1.764134e-05 -1.557295e-05 -3.358576e-05  0.000000e+00  0.000000e+00  0.000000e+00 
 1.764657e-05 -1.556702e-05 -3.360842e-05  0.000000e+00  0.000000e+00  0.000000e+00 
 1.765181e-05 -1.556109e-05 -3.363110e-05  0.000000e+00  0.000000e+00  0.000000e+00 
 1.765704e-05 -1.555515e-05 -3.365379e-05  0.000000e+00  0.000000e+00  0.000000e+00 
 1.766228e-05 -1.554920e-05 -3.367649e-05  0.000000e+00  0.000000e+00  0.000000e+00 
 1.766751e-05 -1.554325e-05 -3.369920e-05  0.000000e+00  0.000000e+00  0.000000e+00 
 1.767275e-05 -1.553729e-05 -3.372193e-05  0.000000e+00  0.000000e+00  0.000000e+00 
 1.767799e-05 -1.553133e-05 -3.374467e-05  0.000000e+00  0.000000e+00  0.000000e+00 
 1.768323e-05 -1.552536e-05 -3.376742e-05  0.000000e+00  0.000000e+00  0.000000e+00 
 1.768848e-05 -1.551939e-05 -3.379019e-05  0.000000e+00  0.000000e+00  0.000000e+00 
 1.769372e-05 -1.551341e-05 -3.381297e-05  0.000000e+00  0.000000e+00  0.000000e+00 
 1.769897e-05 -1.550742e-05 -3.383576e-05  0.000000e+00  0.000000e+00  0.000000e+00 
 1.770422e-05 -1.550143e-05 -3.385857e-05  0.000000e+00  0.000000e+00  0.000000e+00 
 1.770947e-05 -1.549543e-05 -3.388138e-05  0.000000e+00  0.000000e+00  0.000000e+00 
 1.771472e-05 -1.548943e-05 -3.390422e-05  0.000000e+00  0.000000e+00  0.000000e+00 
 1.771997e-05 -1.548342e-05 -3.392706e-05  0.000000e+00  0.000000e+00  0.000000e+00 
 1.772522e-05 -1.547741e-05 -3.394992e-05  0.000000e+00  0.000000e+00  0.000000e+00 
 1.773048e-05 -1.547139e-05 -3.397279e-05  0.000000e+00  0.000000e+00  0.000000e+00 
 1.773574e-05 -1.546536e-05 -3.399568e-05  0.000000e+00  0.000000e+00  0.000000e+00 
 1.774099e-05 -1.545933e-05 -3.401857e-05  0.000000e+00  0.000000e+00  0.000000e+00 
 1.774625e-05 -1.545329e-05 -3.404148e-05  0.000000e+00  0.000000e+00  0.000000e+00 
 1.775151e-05 -1.544725e-05 -3.406441e-05  0.000000e+00  0.000000e+00  0.000000e+00 
 1.775678e-05 -1.544120e-05 -3.408734e-05  0.000000e+00  0.000000e+00  0.000000e+00 
 1.776204e-05 -1.543514e-05 -3.411029e-05  0.000000e+00  0.000000e+00  0.000000e+00 
 1.776731e-05 -1.542908e-05 -3.413325e-05  0.000000e+00  0.000000e+00  0.000000e+00 
 1.777257e-05 -1.542301e-05 -3.415623e-05  0.000000e+00  0.000000e+00  0.000000e+00 
 1.777784e-05 -1.541694e-05 -3.417922e-05  0.000000e+00  0.000000e+00  0.000000e+00 
 1.778311e-05 -1.541086e-05 -3.420222e-05  0.000000e+00  0.000000e+00  0.000000e+00 
 1.778838e-05 -1.540477e-05 -3.422523e-05  0.000000e+00  0.000000e+00  0.000000e+00 
 1.779366e-05 -1.539868e-05 -3.424826e-05  0.000000e+00  0.000000e+00  0.000000e+00 
 1.779893e-05 -1.539259e-05 -3.427130e-05  0.000000e+00  0.000000e+00  0.000000e+00 
 1.780421e-05 -1.538648e-05 -3.429436e-05  0.000000e+00  0.000000e+00  0.000000e+00 
 1.780949e-05 -1.538037e-05 -3.431742e-05  0.000000e+00  0.000000e+00  0.000000e+00 
 1.781476e-05 -1.537426e-05 -3.434050e-05  0.000000e+00  0.000000e+00  0.000000e+00 
 1.782004e-05 -1.536814e-05 -3.436359e-05  0.000000e+00  0.000000e+00  0.000000e+00 
 1.782533e-05 -1.536201e-05 -3.438670e-05  0.000000e+00  0.000000e+00  0.000000e+00 
 1.783061e-05 -1.535588e-05 -3.440982e-05  0.000000e+00  0.000000e+00  0.000000e+00 
 1.783589e-05 -1.534974e-05 -3.443295e-05  0.000000e+00  0.000000e+00  0.000000e+00 
 1.784118e-05 -1.534360e-05 -3.445609e-05  0.000000e+00  0.000000e+00  0.000000e+00 
 1.784647e-05 -1.533745e-05 -3.447925e-05  0.000000e+00  0.000000e+00  0.000000e+00 
 1.785176e-05 -1.533129e-05 -3.450242e-05  0.000000e+00  0.000000e+00  0.000000e+00 
 1.785705e-05 -1.532513e-05 -3.452560e-05  0.000000e+00  0.000000e+00  0.000000e+00 
 1.786234e-05 -1.531896e-05 -3.454880e-05  0.000000e+00  0.000000e+00  0.000000e+00 
 1.786763e-05 -1.531279e-05 -3.457201e-05  0.000000e+00  0.000000e+00  0.000000e+00 
 1.787293e-05 -1.530661e-05 -3.459523e-05  0.000000e+00  0.000000e+00  0.000000e+00 
 1.787822e-05 -1.530042e-05 -3.461846e-05  0.000000e+00  0.000000e+00  0.000000e+00 
 1.788352e-05 -1.529423e-05 -3.464171e-05  0.000000e+00  0.000000e+00  0.000000e+00 
 1.788882e-05 -1.528803e-05 -3.466497e-05  0.000000e+00  0.000000e+00  0.000000e+00 
 1.789412e-05 -1.528183e-05 -3.468824e-05  0.000000e+00  0.000000e+00  0.000000e+00 
 1.789942e-05 -1.527562e-05 -3.471153e-05  0.000000e+00  0.000000e+00  0.000000e+00 
 1.790472e-05 -1.526940e-05 -3.473483e-05  0.000000e+00  0.000000e+00  0.000000e+00 
 1.791003e-05 -1.526318e-05 -3.475814e-05  0.000000e+00  0.000000e+00  0.000000e+00 
 1.791533e-05 -1.525695e-05 -3.478146e-05  0.000000e+00  0.000000e+00  0.000000e+00 
 1.792064e-05 -1.525071e-05 -3.480480e-05  0.000000e+00  0.000000e+00  0.000000e+00 
 1.792595e-05 -1.524447e-05 -3.482815e-05  0.000000e+00  0.000000e+00  0.000000e+00 
 1.793126e-05 -1.523823e-05 -3.485151e-05  0.000000e+00  0.000000e+00  0.000000e+00 
 1.793657e-05 -1.523198e-05 -3.487489e-05  0.000000e+00  0.000000e+00  0.000000e+00 
 1.794188e-05 -1.522572e-05 -3.489828e-05  0.000000e+00  0.000000e+00  0.000000e+00 
 1.794720e-05 -1.521945e-05 -3.492168e-05  0.000000e+00  0.000000e+00  0.000000e+00 
 1.795251e-05 -1.521318e-05 -3.494509e-05  0.000000e+00  0.000000e+00  0.000000e+00 
 1.795783e-05 -1.520691e-05 -3.496852e-05  0.000000e+00  0.000000e+00  0.000000e+00 
 1.796315e-05 -1.520062e-05 -3.499196e-05  0.000000e+00  0.000000e+00  0.000000e+00 
 1.796847e-05 -1.519433e-05 -3.501541e-05  0.000000e+00  0.000000e+00  0.000000e+00 
 1.797379e-05 -1.518804e-05 -3.503887e-05  0.000000e+00  0.000000e+00  0.000000e+00 
 1.797911e-05 -1.518174e-05 -3.506235e-05  0.000000e+00  0.000000e+00  0.000000e+00 
 1.798444e-05 -1.517543e-05 -3.508584e-05  0.000000e+00  0.000000e+00  0.000000e+00 
 1.798976e-05 -1.516912e-05 -3.510934e-05  0.000000e+00  0.000000e+00  0.000000e+00 
 1.799509e-05 -1.516280e-05 -3.513286e-05  0.000000e+00  0.000000e+00  0.000000e+00 
 1.800042e-05 -1.515647e-05 -3.515639e-05  0.000000e+00  0.000000e+00  0.000000e+00 
 1.800574e-05 -1.515014e-05 -3.517993e-05  0.000000e+00  0.000000e+00  0.000000e+00 
 1.801108e-05 -1.514381e-05 -3.520348e-05  0.000000e+00  0.000000e+00  0.000000e+00 
 1.801641e-05 -1.513746e-05 -3.522705e-05  0.000000e+00  0.000000e+00  0.000000e+00 
 1.802174e-05 -1.513111e-05 -3.525063e-05  0.000000e+00  0.000000e+00  0.000000e+00 
 1.802707e-05 -1.512476e-05 -3.527422e-05  0.000000e+00  0.000000e+00  0.000000e+00 
 1.803241e-05 -1.511840e-05 -3.529782e-05  0.000000e+00  0.000000e+00  0.000000e+00 
 1.803775e-05 -1.511203e-05 -3.532144e-05  0.000000e+00  0.000000e+00  0.000000e+00 
 1.804309e-05 -1.510565e-05 -3.534507e-05  0.000000e+00  0.000000e+00  0.000000e+00 
 1.804843e-05 -1.509927e-05 -3.536871e-05  0.000000e+00  0.000000e+00  0.000000e+00 
 1.805377e-05 -1.509289e-05 -3.539237e-05  0.000000e+00  0.000000e+00  0.000000e+00 
 1.805911e-05 -1.508649e-05 -3.541603e-05  0.000000e+00  0.000000e+00  0.000000e+00 
 1.806445e-05 -1.508009e-05 -3.543971e-05  0.000000e+00  0.000000e+00  0.000000e+00 
 1.806980e-05 -1.507369e-05 -3.546341e-05  0.000000e+00  0.000000e+00  0.000000e+00 
 1.807514e-05 -1.506728e-05 -3.548711e-05  0.000000e+00  0.000000e+00  0.000000e+00 
 1.808049e-05 -1.506086e-05 -3.551083e-05  0.000000e+00  0.000000e+00  0.000000e+00 
 1.808584e-05 -1.505444e-05 -3.553456e-05  0.000000e+00  0.000000e+00  0.000000e+00 
 1.809119e-05 -1.504801e-05 -3.555830e-05  0.000000e+00  0.000000e+00  0.000000e+00 
 1.809654e-05 -1.504157e-05 -3.558206e-05  0.000000e+00  0.000000e+00  0.000000e+00 
 1.810189e-05 -1.503513e-05 -3.560582e-05  0.000000e+00  0.000000e+00  0.000000e+00 
 1.810725e-05 -1.502868e-05 -3.562960e-05  0.000000e+00  0.000000e+00  0.000000e+00 
 1.811260e-05 -1.502223e-05 -3.565340e-05  0.000000e+00  0.000000e+00  0.000000e+00 
