 2.117582e-22 -1.467868e-05 -8.470329e-22  0.000000e+00  0.000000e+00  0.000000e+00 
-1.242910e-02  3.670394e-03  1.691700e-03  0.000000e+00  0.000000e+00  0.000000e+00 
-1.509714e-02  4.280945e-03  2.167978e-03  0.000000e+00  0.000000e+00  0.000000e+00 
-1.374539e-02  3.761324e-03  2.057957e-03  0.000000e+00  0.000000e+00  0.000000e+00 
-1.111264e-02  2.989918e-03  1.703487e-03  0.000000e+00  0.000000e+00  0.000000e+00 
-8.415850e-03  2.280344e-03  1.298671e-03  0.000000e+00  0.000000e+00  0.000000e+00 
-6.116836e-03  1.710089e-03  9.358873e-04  0.000000e+00  0.000000e+00  0.000000e+00 
-4.324337e-03  1.276004e-03  6.463597e-04  0.000000e+00  0.000000e+00  0.000000e+00 
-2.999302e-03  9.546208e-04  4.305820e-04  0.000000e+00  0.000000e+00  0.000000e+00 
-2.054123e-03  7.218043e-04  2.766397e-04  0.000000e+00  0.000000e+00  0.000000e+00 
-1.396456e-03  5.576925e-04  1.695522e-04  0.000000e+00  0.000000e+00  0.000000e+00 
-9.454119e-04  4.467140e-04  9.534827e-05  0.000000e+00  0.000000e+00  0.000000e+00 
-6.352370e-04  3.755350e-04  4.269694e-05  0.000000e+00  0.000000e+00  0.000000e+00 
-4.154428e-04  3.301272e-04  3.888448e-06  0.000000e+00  0.000000e+00  0.000000e+00 
-2.520485e-04  2.949171e-04 -2.456387e-05  0.000000e+00  0.000000e+00  0.000000e+00 
-1.279870e-04  2.570324e-04 -4.299330e-05  0.000000e+00  0.000000e+00  0.000000e+00 
-3.767440e-05  2.117483e-04 -5.136997e-05  0.000000e+00  0.000000e+00  0.000000e+00 
 2.161571e-05  1.621935e-04 -5.122453e-05  0.000000e+00  0.000000e+00  0.000000e+00 
 5.457200e-05  1.143959e-04 -4.537226e-05  0.000000e+00  0.000000e+00  0.000000e+00 
 6.779085e-05  7.314349e-05 -3.672856e-05  0.000000e+00  0.000000e+00  0.000000e+00 
 6.801147e-05  4.066054e-05 -2.751748e-05  0.000000e+00  0.000000e+00  0.000000e+00 
 6.082547e-05  1.705128e-05 -1.909075e-05  0.000000e+00  0.000000e+00  0.000000e+00 
 5.025874e-05  1.211170e-06 -1.208571e-05  0.000000e+00  0.000000e+00  0.000000e+00 
 3.890683e-05 -8.424414e-06 -6.669372e-06  0.000000e+00  0.000000e+00  0.000000e+00 
 2.827573e-05 -1.343162e-05 -2.746886e-06  0.000000e+00  0.000000e+00  0.000000e+00 
 1.912666e-05 -1.519035e-05 -1.028072e-07  0.000000e+00  0.000000e+00  0.000000e+00 
 1.174708e-05 -1.482075e-05  1.516206e-06  0.000000e+00  0.000000e+00  0.000000e+00 
 6.138390e-06 -1.318866e-05  2.358215e-06  0.000000e+00  0.000000e+00  0.000000e+00 
 2.138374e-06 -1.093555e-05  2.645464e-06  0.000000e+00  0.000000e+00  0.000000e+00 
-4.994370e-07 -8.513169e-06  2.565500e-06  0.000000e+00  0.000000e+00  0.000000e+00 
-2.052838e-06 -6.217089e-06  2.268310e-06  0.000000e+00  0.000000e+00  0.000000e+00 
-2.795098e-06 -4.218602e-06  1.867067e-06  0.000000e+00  0.000000e+00  0.000000e+00 
-2.971786e-06 -2.594996e-06  1.441417e-06  0.000000e+00  0.000000e+00  0.000000e+00 
-2.787977e-06 -1.357415e-06  1.042505e-06  0.000000e+00  0.000000e+00  0.000000e+00 
-2.403792e-06 -4.749503e-07  6.988719e-07  0.000000e+00  0.000000e+00  0.000000e+00 
-1.936029e-06  1.060322e-07  4.223968e-07  0.000000e+00  0.000000e+00  0.000000e+00 
-1.463561e-06  4.476540e-07  2.136533e-07  0.000000e+00  0.000000e+00  0.000000e+00 
-1.034495e-06  6.109907e-07  6.632633e-08  0.000000e+00  0.000000e+00  0.000000e+00 
-6.736296e-07  6.504345e-07 -2.942574e-08  0.000000e+00  0.000000e+00  0.000000e+00 
-3.892779e-07  6.109882e-07 -8.459885e-08  0.000000e+00  0.000000e+00  0.000000e+00 
-1.789975e-07  5.275799e-07 -1.098067e-07  0.000000e+00  0.000000e+00  0.000000e+00 
-3.409156e-08  4.256440e-07 -1.143960e-07  0.000000e+00  0.000000e+00  0.000000e+00 
 5.707348e-08  3.223974e-07 -1.060378e-07  0.000000e+00  0.000000e+00  0.000000e+00 
 1.067793e-07  2.284063e-07 -9.064259e-08  0.000000e+00  0.000000e+00  0.000000e+00 
 1.265079e-07  1.491784e-07 -7.247967e-08  0.000000e+00  0.000000e+00  0.000000e+00 
 1.261402e-07  8.661743e-08 -5.440763e-08  0.000000e+00  0.000000e+00  0.000000e+00 
 1.136253e-07  4.025517e-08 -3.815126e-08  0.000000e+00  0.000000e+00  0.000000e+00 
 9.496635e-08  8.229955e-09 -2.457956e-08  0.000000e+00  0.000000e+00  0.000000e+00 
 7.440147e-08 -1.198385e-08 -1.395780e-08  0.000000e+00  0.000000e+00  0.000000e+00 
 5.468562e-08 -2.306835e-08 -6.159287e-09  0.000000e+00  0.000000e+00  0.000000e+00 
 3.740587e-08 -2.753908e-08 -8.320626e-10  0.000000e+00  0.000000e+00  0.000000e+00 
 2.328675e-08 -2.756536e-08  2.478084e-09  0.000000e+00  0.000000e+00  0.000000e+00 
 1.245931e-08 -2.489518e-08  4.243041e-09  0.000000e+00  0.000000e+00  0.000000e+00 
 4.682188e-09 -2.085078e-08  4.899414e-09  0.000000e+00  0.000000e+00  0.000000e+00 
-4.881643e-10 -1.636752e-08  4.819865e-09  0.000000e+00  0.000000e+00  0.000000e+00 
-3.574617e-09 -1.205511e-08  4.301992e-09  0.000000e+00  0.000000e+00  0.000000e+00 
-5.097161e-09 -8.266459e-09  3.568888e-09  0.000000e+00  0.000000e+00  0.000000e+00 
-5.523376e-09 -5.164458e-09  2.776755e-09  0.000000e+00  0.000000e+00  0.000000e+00 
-5.243516e-09 -2.780936e-09  2.026029e-09  0.000000e+00  0.000000e+00  0.000000e+00 
-4.562933e-09 -1.065178e-09  1.373552e-09  0.000000e+00  0.000000e+00  0.000000e+00 
-3.705770e-09  7.862470e-11  8.442095e-10  0.000000e+00  0.000000e+00  0.000000e+00 
-2.825096e-09  7.642799e-10  4.410853e-10  0.000000e+00  0.000000e+00  0.000000e+00 
-2.015988e-09  1.105416e-09  1.537505e-10  0.000000e+00  0.000000e+00  0.000000e+00 
-1.329101e-09  1.204480e-09 -3.539961e-11  0.000000e+00  0.000000e+00  0.000000e+00 
-7.832322e-10  1.147158e-09 -1.466035e-10  0.000000e+00  0.000000e+00  0.000000e+00 
-3.760325e-10  1.000630e-09 -1.997243e-10  0.000000e+00  0.000000e+00  0.000000e+00 
-9.256632e-11  8.143066e-10 -2.124616e-10  0.000000e+00  0.000000e+00  0.000000e+00 
 8.827684e-11  6.220178e-10 -1.994793e-10  0.000000e+00  0.000000e+00  0.000000e+00 
 1.892930e-10  4.448504e-10 -1.721722e-10  0.000000e+00  0.000000e+00  0.000000e+00 
 2.320787e-10  2.941125e-10 -1.388429e-10  0.000000e+00  0.000000e+00  0.000000e+00 
 2.353988e-10  1.740833e-10 -1.051110e-10  0.000000e+00  0.000000e+00  0.000000e+00 
 2.144731e-10  8.436430e-11 -7.442205e-11  0.000000e+00  0.000000e+00  0.000000e+00 
 1.808901e-10  2.176034e-11 -4.856798e-11  0.000000e+00  0.000000e+00  0.000000e+00 
 1.429072e-10 -1.830747e-11 -2.816391e-11  0.000000e+00  0.000000e+00  0.000000e+00 
 1.059584e-10 -4.081069e-11 -1.305158e-11  0.000000e+00  0.000000e+00  0.000000e+00 
 7.323699e-11 -5.047431e-11 -2.619444e-12  0.000000e+00  0.000000e+00  0.000000e+00 
 4.626640e-11 -5.141354e-11  3.959244e-12  0.000000e+00  0.000000e+00  0.000000e+00 
 2.540981e-11 -4.697295e-11  7.561108e-12  0.000000e+00  0.000000e+00  0.000000e+00 
 1.029155e-11 -3.970408e-11  9.007591e-12  0.000000e+00  0.000000e+00  0.000000e+00 
 1.247619e-13 -3.142916e-11  9.006657e-12  0.000000e+00  0.000000e+00  0.000000e+00 
-6.050019e-12 -2.335074e-11  8.128470e-12  0.000000e+00  0.000000e+00  0.000000e+00 
-9.203325e-12 -1.617863e-11  6.804087e-12  0.000000e+00  0.000000e+00  0.000000e+00 
-1.021791e-11 -1.025474e-11  5.338305e-12  0.000000e+00  0.000000e+00  0.000000e+00 
-9.837235e-12 -5.664705e-12  3.929642e-12  0.000000e+00  0.000000e+00  0.000000e+00 
-8.647928e-12 -2.330468e-12  2.692856e-12  0.000000e+00  0.000000e+00  0.000000e+00 
-7.084357e-12 -8.232398e-14  1.680773e-12  0.000000e+00  0.000000e+00  0.000000e+00 
-5.446280e-12  1.288406e-12  9.035190e-13  0.000000e+00  0.000000e+00  0.000000e+00 
-3.922658e-12  1.993736e-12  3.443454e-13  0.000000e+00  0.000000e+00  0.000000e+00 
-2.616879e-12  2.226998e-12 -2.814971e-14  0.000000e+00  0.000000e+00  0.000000e+00 
-1.570382e-12  2.151400e-12 -2.511958e-13  0.000000e+00  0.000000e+00  0.000000e+00 
-7.830198e-13  1.895954e-12 -3.619236e-13  0.000000e+00  0.000000e+00  0.000000e+00 
-2.294704e-13  1.556357e-12 -3.937706e-13  0.000000e+00  0.000000e+00  0.000000e+00 
 1.284351e-13  1.198871e-12 -3.747117e-13  0.000000e+00  0.000000e+00  0.000000e+00 
 3.328599e-13  8.653638e-13 -3.266451e-13  0.000000e+00  0.000000e+00  0.000000e+00 
 4.243546e-13  5.788807e-13 -2.656754e-13  0.000000e+00  0.000000e+00  0.000000e+00 
 4.384812e-13  3.488162e-13 -2.028272e-13  0.000000e+00  0.000000e+00  0.000000e+00 
 4.043299e-13  1.753666e-13 -1.449648e-13  0.000000e+00  0.000000e+00  0.000000e+00 
 3.442240e-13  5.314510e-14 -9.576095e-14  0.000000e+00  0.000000e+00  0.000000e+00 
 2.742465e-13 -2.611384e-14 -5.660179e-14  0.000000e+00  0.000000e+00  0.000000e+00 
 2.051143e-13 -7.162650e-14 -2.734784e-14  0.000000e+00  0.000000e+00  0.000000e+00 
 1.432262e-13 -9.225845e-14 -6.948099e-15  0.000000e+00  0.000000e+00  0.000000e+00 
 9.175153e-14 -9.578658e-14  6.094122e-15  0.000000e+00  0.000000e+00  0.000000e+00 
 5.160587e-14 -8.859584e-14  1.340531e-14  0.000000e+00  0.000000e+00  0.000000e+00 
 2.224502e-14 -7.561292e-14  1.652967e-14  0.000000e+00  0.000000e+00  0.000000e+00 
 2.282683e-15 -6.038275e-14  1.681365e-14  0.000000e+00  0.000000e+00  0.000000e+00 
-1.006275e-14 -4.529391e-14  1.532448e-14  0.000000e+00  0.000000e+00  0.000000e+00 
-1.657716e-14 -3.174175e-14  1.292830e-14  0.000000e+00  0.000000e+00  0.000000e+00 
-1.893095e-14 -2.043453e-14  1.021712e-14  0.000000e+00  0.000000e+00  0.000000e+00 
-1.852923e-14 -1.159130e-14  7.577750e-15  0.000000e+00  0.000000e+00  0.000000e+00 
-1.648991e-14 -5.105016e-15  5.240048e-15  0.000000e+00  0.000000e+00  0.000000e+00 
-1.360453e-14 -7.206551e-16  3.286807e-15  0.000000e+00  0.000000e+00  0.000000e+00 
-1.053736e-14  1.980479e-15  1.766754e-15  0.000000e+00  0.000000e+00  0.000000e+00 
-7.674843e-15  3.441704e-15  6.961265e-16  0.000000e+00  0.000000e+00  0.000000e+00 
-5.182608e-15  4.006213e-15 -2.384864e-17  0.000000e+00  0.000000e+00  0.000000e+00 
-3.177279e-15  3.957169e-15 -4.530230e-16  0.000000e+00  0.000000e+00  0.000000e+00 
-1.622060e-15  3.607360e-15 -6.932852e-16  0.000000e+00  0.000000e+00  0.000000e+00 
-5.886896e-16  2.948862e-15 -7.218915e-16  0.000000e+00  0.000000e+00  0.000000e+00 
 2.647188e-17  2.209432e-15 -6.394837e-16  0.000000e+00  0.000000e+00  0.000000e+00 
 3.609860e-16  1.532331e-15 -5.378569e-16  0.000000e+00  0.000000e+00  0.000000e+00 
 4.507971e-16  9.843365e-16 -4.398324e-16  0.000000e+00  0.000000e+00  0.000000e+00 
 5.080502e-16  6.414889e-16 -3.936475e-16  0.000000e+00  0.000000e+00  0.000000e+00 
 5.488088e-16  4.349709e-16 -3.689598e-16  0.000000e+00  0.000000e+00  0.000000e+00 
 5.757232e-16  3.102964e-16 -3.552087e-16  0.000000e+00  0.000000e+00  0.000000e+00 
 5.928413e-16  2.349288e-16 -3.473195e-16  0.000000e+00  0.000000e+00  0.000000e+00 
 6.035089e-16  1.893307e-16 -3.427018e-16  0.000000e+00  0.000000e+00  0.000000e+00 
 6.100801e-16  1.617297e-16 -3.399635e-16  0.000000e+00  0.000000e+00  0.000000e+00 
 6.141007e-16  1.450176e-16 -3.383264e-16  0.000000e+00  0.000000e+00  0.000000e+00 
 6.165508e-16  1.348966e-16 -3.373426e-16  0.000000e+00  0.000000e+00  0.000000e+00 
 6.180404e-16  1.287667e-16 -3.367495e-16  0.000000e+00  0.000000e+00  0.000000e+00 
 6.189447e-16  1.250537e-16 -3.363913e-16  0.000000e+00  0.000000e+00  0.000000e+00 
 6.194932e-16  1.228047e-16 -3.361747e-16  0.000000e+00  0.000000e+00  0.000000e+00 
 6.198258e-16  1.214423e-16 -3.360437e-16  0.000000e+00  0.000000e+00  0.000000e+00 
 6.200273e-16  1.206170e-16 -3.359643e-16  0.000000e+00  0.000000e+00  0.000000e+00 
 6.201494e-16  1.201171e-16 -3.359163e-16  0.000000e+00  0.000000e+00  0.000000e+00 
 6.202234e-16  1.198143e-16 -3.358872e-16  0.000000e+00  0.000000e+00  0.000000e+00 
 6.202682e-16  1.196309e-16 -3.358695e-16  0.000000e+00  0.000000e+00  0.000000e+00 
 6.202954e-16  1.195197e-16 -3.358589e-16  0.000000e+00  0.000000e+00  0.000000e+00 
 6.203118e-16  1.194524e-16 -3.358524e-16  0.000000e+00  0.000000e+00  0.000000e+00 
 6.203218e-16  1.194116e-16 -3.358485e-16  0.000000e+00  0.000000e+00  0.000000e+00 
 6.203278e-16  1.193869e-16 -3.358461e-16  0.000000e+00  0.000000e+00  0.000000e+00 
 6.203315e-16  1.193720e-16 -3.358447e-16  0.000000e+00  0.000000e+00  0.000000e+00 
 6.203337e-16  1.193629e-16 -3.358438e-16  0.000000e+00  0.000000e+00  0.000000e+00 
 6.203351e-16  1.193574e-16 -3.358433e-16  0.000000e+00  0.000000e+00  0.000000e+00 
 6.203359e-16  1.193541e-16 -3.358430e-16  0.000000e+00  0.000000e+00  0.000000e+00 
 6.203364e-16  1.193521e-16 -3.358428e-16  0.000000e+00  0.000000e+00  0.000000e+00 
 6.203367e-16  1.193509e-16 -3.358426e-16  0.000000e+00  0.000000e+00  0.000000e+00 
 6.203368e-16  1.193501e-16 -3.358426e-16  0.000000e+00  0.000000e+00  0.000000e+00 
 6.203369e-16  1.193497e-16 -3.358425e-16  0.000000e+00  0.000000e+00  0.000000e+00 
 6.203370e-16  1.193494e-16 -3.358425e-16  0.000000e+00  0.000000e+00  0.000000e+00 
 6.203371e-16  1.193492e-16 -3.358425e-16  0.000000e+00  0.000000e+00  0.000000e+00 
 6.203371e-16  1.193491e-16 -3.358425e-16  0.000000e+00  0.000000e+00  0.000000e+00 
 6.203371e-16  1.193491e-16 -3.358425e-16  0.000000e+00  0.000000e+00  0.000000e+00 
 6.203371e-16  1.193490e-16 -3.358425e-16  0.000000e+00  0.000000e+00  0.000000e+00 
 6.203371e-16  1.193490e-16 -3.358425e-16  0.000000e+00  0.000000e+00  0.000000e+00 
 6.203371e-16  1.193490e-16 -3.358425e-16  0.000000e+00  0.000000e+00  0.000000e+00 
 6.203371e-16  1.193490e-16 -3.358425e-16  0.000000e+00  0.000000e+00  0.000000e+00 
 6.203371e-16  1.193490e-16 -3.358425e-16  0.000000e+00  0.000000e+00  0.000000e+00 
 6.203371e-16  1.193490e-16 -3.358425e-16  0.000000e+00  0.000000e+00  0.000000e+00 
 6.203371e-16  1.193490e-16 -3.358425e-16  0.000000e+00  0.000000e+00  0.000000e+00 
 6.203371e-16  1.193490e-16 -3.358425e-16  0.000000e+00  0.000000e+00  0.000000e+00 
 6.203371e-16  1.193490e-16 -3.358425e-16  0.000000e+00  0.000000e+00  0.000000e+00 
 6.203371e-16  1.193490e-16 -3.358425e-16  0.000000e+00  0.000000e+00  0.000000e+00 
 6.203371e-16  1.193490e-16 -3.358425e-16  0.000000e+00  0.000000e+00  0.000000e+00 
 6.203371e-16  1.193490e-16 -3.358425e-16  0.000000e+00  0.000000e+00  0.000000e+00 
 6.203371e-16  1.193490e-16 -3.358425e-16  0.000000e+00  0.000000e+00  0.000000e+00 
 6.203371e-16  1.193490e-16 -3.358425e-16  0.000000e+00  0.000000e+00  0.000000e+00 
 6.203371e-16  1.193490e-16 -3.358425e-16  0.000000e+00  0.000000e+00  0.000000e+00 
 6.203371e-16  1.193490e-16 -3.358425e-16  0.000000e+00  0.000000e+00  0.000000e+00 
 6.203371e-16  1.193490e-16 -3.358425e-16  0.000000e+00  0.000000e+00  0.000000e+00 
 6.203371e-16  1.193490e-16 -3.358425e-16  0.000000e+00  0.000000e+00  0.000000e+00 
 6.203371e-16  1.193490e-16 -3.358425e-16  0.000000e+00  0.000000e+00  0.000000e+00 
 6.203371e-16  1.193490e-16 -3.358425e-16  0.000000e+00  0.000000e+00  0.000000e+00 
 6.203371e-16  1.193490e-16 -3.358425e-16  0.000000e+00  0.000000e+00  0.000000e+00 
 6.203371e-16  1.193490e-16 -3.358425e-16  0.000000e+00  0.000000e+00  0.000000e+00 
 6.203371e-16  1.193490e-16 -3.358425e-16  0.000000e+00  0.000000e+00  0.000000e+00 
 6.203371e-16  1.193490e-16 -3.358425e-16  0.000000e+00  0.000000e+00  0.000000e+00 
 6.203371e-16  1.193490e-16 -3.358425e-16  0.000000e+00  0.000000e+00  0.000000e+00 
 6.203371e-16  1.193490e-16 -3.358425e-16  0.000000e+00  0.000000e+00  0.000000e+00 
 6.203371e-16  1.193490e-16 -3.358425e-16  0.000000e+00  0.000000e+00  0.000000e+00 
 6.203371e-16  1.193490e-16 -3.358425e-16  0.000000e+00  0.000000e+00  0.000000e+00 
 6.203371e-16  1.193490e-16 -3.358425e-16  0.000000e+00  0.000000e+00  0.000000e+00 
 6.203371e-16  1.193490e-16 -3.358425e-16  0.000000e+00  0.000000e+00  0.000000e+00 
 6.203371e-16  1.193490e-16 -3.358425e-16  0.000000e+00  0.000000e+00  0.000000e+00 
 6.203371e-16  1.193490e-16 -3.358425e-16  0.000000e+00  0.000000e+00  0.000000e+00 
 6.203371e-16  1.193490e-16 -3.358425e-16  0.000000e+00  0.000000e+00  0.000000e+00 
 6.203371e-16  1.193490e-16 -3.358425e-16  0.000000e+00  0.000000e+00  0.000000e+00 
 6.203371e-16  1.193490e-16 -3.358425e-16  0.000000e+00  0.000000e+00  0.000000e+00 
 6.203371e-16  1.193490e-16 -3.358425e-16  0.000000e+00  0.000000e+00  0.000000e+00 
 6.203371e-16  1.193490e-16 -3.358425e-16  0.000000e+00  0.000000e+00  0.000000e+00 
 6.203371e-16  1.193490e-16 -3.358425e-16  0.000000e+00  0.000000e+00  0.000000e+00 
 6.203371e-16  1.193490e-16 -3.358425e-16  0.000000e+00  0.000000e+00  0.000000e+00 
 6.203371e-16  1.193490e-16 -3.358425e-16  0.000000e+00  0.000000e+00  0.000000e+00 
 6.203371e-16  1.193490e-16 -3.358425e-16  0.000000e+00  0.000000e+00  0.000000e+00 
 6.203371e-16  1.193490e-16 -3.358425e-16  0.000000e+00  0.000000e+00  0.000000e+00 
 6.203371e-16  1.193490e-16 -3.358425e-16  0.000000e+00  0.000000e+00  0.000000e+00 
 6.203371e-16  1.193490e-16 -3.358425e-16  0.000000e+00  0.000000e+00  0.000000e+00 
 6.203371e-16  1.193490e-16 -3.358425e-16  0.000000e+00  0.000000e+00  0.000000e+00 
 6.203371e-16  1.193490e-16 -3.358425e-16  0.000000e+00  0.000000e+00  0.000000e+00 
 6.203371e-16  1.193490e-16 -3.358425e-16  0.000000e+00  0.000000e+00  0.000000e+00 
 6.203371e-16  1.193490e-16 -3.358425e-16  0.000000e+00  0.000000e+00  0.000000e+00 
 6.203371e-16  1.193490e-16 -3.358425e-16  0.000000e+00  0.000000e+00  0.000000e+00 
 6.203371e-16  1.193490e-16 -3.358425e-16  0.000000e+00  0.000000e+00  0.000000e+00 
 6.203371e-16  1.193490e-16 -3.358425e-16  0.000000e+00  0.000000e+00  0.000000e+00 
 6.203371e-16  1.193490e-16 -3.358425e-16  0.000000e+00  0.000000e+00  0.000000e+00 
 6.203371e-16  1.193490e-16 -3.358425e-16  0.000000e+00  0.000000e+00  0.000000e+00 
 6.203371e-16  1.193490e-16 -3.358425e-16  0.000000e+00  0.000000e+00  0.000000e+00 
 6.203371e-16  1.193490e-16 -3.358425e-16  0.000000e+00  0.000000e+00  0.000000e+00 
 6.203371e-16  1.193490e-16 -3.358425e-16  0.000000e+00  0.000000e+00  0.000000e+00 
 6.203371e-16  1.193490e-16 -3.358425e-16  0.000000e+00  0.000000e+00  0.000000e+00 
 6.203371e-16  1.193490e-16 -3.358425e-16  0.000000e+00  0.000000e+00  0.000000e+00 
 6.203371e-16  1.193490e-16 -3.358425e-16  0.000000e+00  0.000000e+00  0.000000e+00 
 6.203371e-16  1.193490e-16 -3.358425e-16  0.000000e+00  0.000000e+00  0.000000e+00 
 6.203371e-16  1.193490e-16 -3.358425e-16  0.000000e+00  0.000000e+00  0.000000e+00 
 6.203371e-16  1.193490e-16 -3.358425e-16  0.000000e+00  0.000000e+00  0.000000e+00 
 6.203371e-16  1.193490e-16 -3.358425e-16  0.000000e+00  0.000000e+00  0.000000e+00 
 6.203371e-16  1.193490e-16 -3.358425e-16  0.000000e+00  0.000000e+00  0.000000e+00 
 6.203371e-16  1.193490e-16 -3.358425e-16  0.000000e+00  0.000000e+00  0.000000e+00 
 6.203371e-16  1.193490e-16 -3.358425e-16  0.000000e+00  0.000000e+00  0.000000e+00 
 6.203371e-16  1.193490e-16 -3.358425e-16  0.000000e+00  0.000000e+00  0.000000e+00 
 6.203371e-16  1.193490e-16 -3.358425e-16  0.000000e+00  0.000000e+00  0.000000e+00 
 6.203371e-16  1.193490e-16 -3.358425e-16  0.000000e+00  0.000000e+00  0.000000e+00 
 6.203371e-16  1.193490e-16 -3.358425e-16  0.000000e+00  0.000000e+00  0.000000e+00 
 6.203371e-16  1.193490e-16 -3.358425e-16  0.000000e+00  0.000000e+00  0.000000e+00 
 6.203371e-16  1.193490e-16 -3.358425e-16  0.000000e+00  0.000000e+00  0.000000e+00 
 6.203371e-16  1.193490e-16 -3.358425e-16  0.000000e+00  0.000000e+00  0.000000e+00 
 6.203371e-16  1.193490e-16 -3.358425e-16  0.000000e+00  0.000000e+00  0.000000e+00 
 6.203371e-16  1.193490e-16 -3.358425e-16  0.000000e+00  0.000000e+00  0.000000e+00 
 6.203371e-16  1.193490e-16 -3.358425e-16  0.000000e+00  0.000000e+00  0.000000e+00 
 6.203371e-16  1.193490e-16 -3.358425e-16  0.000000e+00  0.000000e+00  0.000000e+00 
 6.203371e-16  1.193490e-16 -3.358425e-16  0.000000e+00  0.000000e+00  0.000000e+00 
 6.203371e-16  1.193490e-16 -3.358425e-16  0.000000e+00  0.000000e+00  0.000000e+00 
 6.203371e-16  1.193490e-16 -3.358425e-16  0.000000e+00  0.000000e+00  0.000000e+00 
 6.203371e-16  1.193490e-16 -3.358425e-16  0.000000e+00  0.000000e+00  0.000000e+00 
 6.203371e-16  1.193490e-16 -3.358425e-16  0.000000e+00  0.000000e+00  0.000000e+00 
 6.203371e-16  1.193490e-16 -3.358425e-16  0.000000e+00  0.000000e+00  0.000000e+00 
 6.203371e-16  1.193490e-16 -3.358425e-16  0.000000e+00  0.000000e+00  0.000000e+00 
 6.203371e-16  1.193490e-16 -3.358425e-16  0.000000e+00  0.000000e+00  0.000000e+00 
 6.203371e-16  1.193490e-16 -3.358425e-16  0.000000e+00  0.000000e+00  0.000000e+00 
 6.203371e-16  1.193490e-16 -3.358425e-16  0.000000e+00  0.000000e+00  0.000000e+00 
 6.203371e-16  1.193490e-16 -3.358425e-16  0.000000e+00  0.000000e+00  0.000000e+00 
 6.203371e-16  1.193490e-16 -3.358425e-16  0.000000e+00  0.000000e+00  0.000000e+00 
 6.203371e-16  1.193490e-16 -3.358425e-16  0.000000e+00  0.000000e+00  0.000000e+00 
 6.203371e-16  1.193490e-16 -3.358425e-16  0.000000e+00  0.000000e+00  0.000000e+00 
 6.203371e-16  1.193490e-16 -3.358425e-16  0.000000e+00  0.000000e+00  0.000000e+00 
 6.203371e-16  1.193490e-16 -3.358425e-16  0.000000e+00  0.000000e+00  0.000000e+00 
 6.203371e-16  1.193490e-16 -3.358425e-16  0.000000e+00  0.000000e+00  0.000000e+00 
 6.203371e-16  1.193490e-16 -3.358425e-16  0.000000e+00  0.000000e+00  0.000000e+00 
 6.203371e-16  1.193490e-16 -3.358425e-16  0.000000e+00  0.000000e+00  0.000000e+00 
 6.203371e-16  1.193490e-16 -3.358425e-16  0.000000e+00  0.000000e+00  0.000000e+00 
 6.203371e-16  1.193490e-16 -3.358425e-16  0.000000e+00  0.000000e+00  0.000000e+00 
 6.203371e-16  1.193490e-16 -3.358425e-16  0.000000e+00  0.000000e+00  0.000000e+00 
 6.203371e-16  1.193490e-16 -3.358425e-16  0.000000e+00  0.000000e+00  0.000000e+00 
 6.203371e-16  1.193490e-16 -3.358425e-16  0.000000e+00  0.000000e+00  0.000000e+00 
 6.203371e-16  1.193490e-16 -3.358425e-16  0.000000e+00  0.000000e+00  0.000000e+00 
 6.203371e-16  1.193490e-16 -3.358425e-16  0.000000e+00  0.000000e+00  0.000000e+00 
 6.203371e-16  1.193490e-16 -3.358425e-16  0.000000e+00  0.000000e+00  0.000000e+00 
 6.203371e-16  1.193490e-16 -3.358425e-16  0.000000e+00  0.000000e+00  0.000000e+00 
 6.203371e-16  1.193490e-16 -3.358425e-16  0.000000e+00  0.000000e+00  0.000000e+00 
 6.203371e-16  1.193490e-16 -3.358425e-16  0.000000e+00  0.000000e+00  0.000000e+00 
 6.203371e-16  1.193490e-16 -3.358425e-16  0.000000e+00  0.000000e+00  0.000000e+00 
 6.203371e-16  1.193490e-16 -3.358425e-16  0.000000e+00  0.000000e+00  0.000000e+00 
 6.203371e-16  1.193490e-16 -3.358425e-16  0.000000e+00  0.000000e+00  0.000000e+00 
 6.203371e-16  1.193490e-16 -3.358425e-16  0.000000e+00  0.000000e+00  0.000000e+00 
 6.203371e-16  1.193490e-16 -3.358425e-16  0.000000e+00  0.000000e+00  0.000000e+00 
 6.203371e-16  1.193490e-16 -3.358425e-16  0.000000e+00  0.000000e+00  0.000000e+00 
 6.203371e-16  1.193490e-16 -3.358425e-16  0.000000e+00  0.000000e+00  0.000000e+00 
 6.203371e-16  1.193490e-16 -3.358425e-16  0.000000e+00  0.000000e+00  0.000000e+00 
 6.203371e-16  1.193490e-16 -3.358425e-16  0.000000e+00  0.000000e+00  0.000000e+00 
 6.203371e-16  1.193490e-16 -3.358425e-16  0.000000e+00  0.000000e+00  0.000000e+00 
 6.203371e-16  1.193490e-16 -3.358425e-16  0.000000e+00  0.000000e+00  0.000000e+00 
 6.203371e-16  1.193490e-16 -3.358425e-16  0.000000e+00  0.000000e+00  0.000000e+00 
 6.203371e-16  1.193490e-16 -3.358425e-16  0.000000e+00  0.000000e+00  0.000000e+00 
 6.203371e-16  1.193490e-16 -3.358425e-16  0.000000e+00  0.000000e+00  0.000000e+00 
 6.203371e-16  1.193490e-16 -3.358425e-16  0.000000e+00  0.000000e+00  0.000000e+00 
 6.203371e-16  1.193490e-16 -3.358425e-16  0.000000e+00  0.000000e+00  0.000000e+00 
 6.203371e-16  1.193490e-16 -3.358425e-16  0.000000e+00  0.000000e+00  0.000000e+00 
 6.203371e-16  1.193490e-16 -3.358425e-16  0.000000e+00  0.000000e+00  0.000000e+00 
 6.203371e-16  1.193490e-16 -3.358425e-16  0.000000e+00  0.000000e+00  0.000000e+00 
 6.203371e-16  1.193490e-16 -3.358425e-16  0.000000e+00  0.000000e+00  0.000000e+00 
 6.203371e-16  1.193490e-16 -3.358425e-16  0.000000e+00  0.000000e+00  0.000000e+00 
 6.203371e-16  1.193490e-16 -3.358425e-16  0.000000e+00  0.000000e+00  0.000000e+00 
 6.203371e-16  1.193490e-16 -3.358425e-16  0.000000e+00  0.000000e+00  0.000000e+00 
 6.203371e-16  1.193490e-16 -3.358425e-16  0.000000e+00  0.000000e+00  0.000000e+00 
 6.203371e-16  1.193490e-16 -3.358425e-16  0.000000e+00  0.000000e+00  0.000000e+00 
 6.203371e-16  1.193490e-16 -3.358425e-16  0.000000e+00  0.000000e+00  0.000000e+00 
 6.203371e-16  1.193490e-16 -3.358425e-16  0.000000e+00  0.000000e+00  0.000000e+00 
 6.203371e-16  1.193490e-16 -3.358425e-16  0.000000e+00  0.000000e+00  0.000000e+00 
 6.203371e-16  1.193490e-16 -3.358425e-16  0.000000e+00  0.000000e+00  0.000000e+00 
 6.203371e-16  1.193490e-16 -3.358425e-16  0.000000e+00  0.000000e+00  0.000000e+00 
 6.203371e-16  1.193490e-16 -3.358425e-16  0.000000e+00  0.000000e+00  0.000000e+00 
 6.203371e-16  1.193490e-16 -3.358425e-16  0.000000e+00  0.000000e+00  0.000000e+00 
 6.203371e-16  1.193490e-16 -3.358425e-16  0.000000e+00  0.000000e+00  0.000000e+00 
 6.203371e-16  1.193490e-16 -3.358425e-16  0.000000e+00  0.000000e+00  0.000000e+00 
 6.203371e-16  1.193490e-16 -3.358425e-16  0.000000e+00  0.000000e+00  0.000000e+00 
 6.203371e-16  1.193490e-16 -3.358425e-16  0.000000e+00  0.000000e+00  0.000000e+00 
 6.203371e-16  1.193490e-16 -3.358425e-16  0.000000e+00  0.000000e+00  0.000000e+00 
 6.203371e-16  1.193490e-16 -3.358425e-16  0.000000e+00  0.000000e+00  0.000000e+00 
 6.203371e-16  1.193490e-16 -3.358425e-16  0.000000e+00  0.000000e+00  0.000000e+00 
 6.203371e-16  1.193490e-16 -3.358425e-16  0.000000e+00  0.000000e+00  0.000000e+00 
 6.203371e-16  1.193490e-16 -3.358425e-16  0.000000e+00  0.000000e+00  0.000000e+00 
 6.203371e-16  1.193490e-16 -3.358425e-16  0.000000e+00  0.000000e+00  0.000000e+00 
 6.203371e-16  1.193490e-16 -3.358425e-16  0.000000e+00  0.000000e+00  0.000000e+00 
 6.203371e-16  1.193490e-16 -3.358425e-16  0.000000e+00  0.000000e+00  0.000000e+00 
 6.203371e-16  1.193490e-16 -3.358425e-16  0.000000e+00  0.000000e+00  0.000000e+00 
 6.203371e-16  1.193490e-16 -3.358425e-16  0.000000e+00  0.000000e+00  0.000000e+00 
 6.203371e-16  1.193490e-16 -3.358425e-16  0.000000e+00  0.000000e+00  0.000000e+00 
 6.203371e-16  1.193490e-16 -3.358425e-16  0.000000e+00  0.000000e+00  0.000000e+00 
 6.203371e-16  1.193490e-16 -3.358425e-16  0.000000e+00  0.000000e+00  0.000000e+00 
 6.203371e-16  1.193490e-16 -3.358425e-16  0.000000e+00  0.000000e+00  0.000000e+00 
 6.203371e-16  1.193490e-16 -3.358425e-16  0.000000e+00  0.000000e+00  0.000000e+00 
 6.203371e-16  1.193490e-16 -3.358425e-16  0.000000e+00  0.000000e+00  0.000000e+00 
 6.203371e-16  1.193490e-16 -3.358425e-16  0.000000e+00  0.000000e+00  0.000000e+00 
 6.203371e-16  1.193490e-16 -3.358425e-16  0.000000e+00  0.000000e+00  0.000000e+00 
 6.203371e-16  1.193490e-16 -3.358425e-16  0.000000e+00  0.000000e+00  0.000000e+00 
 6.203371e-16  1.193490e-16 -3.358425e-16  0.000000e+00  0.000000e+00  0.000000e+00 
 6.203371e-16  1.193490e-16 -3.358425e-16  0.000000e+00  0.000000e+00  0.000000e+00 
 6.203371e-16  1.193490e-16 -3.358425e-16  0.000000e+00  0.000000e+00  0.000000e+00 
 6.203371e-16  1.193490e-16 -3.358425e-16  0.000000e+00  0.000000e+00  0.000000e+00 
 6.203371e-16  1.193490e-16 -3.358425e-16  0.000000e+00  0.000000e+00  0.000000e+00 
 6.203371e-16  1.193490e-16 -3.358425e-16  0.000000e+00  0.000000e+00  0.000000e+00 
 6.203371e-16  1.193490e-16 -3.358425e-16  0.000000e+00  0.000000e+00  0.000000e+00 
 6.203371e-16  1.193490e-16 -3.358425e-16  0.000000e+00  0.000000e+00  0.000000e+00 
 6.203371e-16  1.193490e-16 -3.358425e-16  0.000000e+00  0.000000e+00  0.000000e+00 
 6.203371e-16  1.193490e-16 -3.358425e-16  0.000000e+00  0.000000e+00  0.000000e+00 
