9.041567e+02 5.220151e+02 7.428661e+03
9.438298e+02 4.531821e+02 7.428244e+03
9.833971e+02 3.842983e+02 7.426994e+03
1.022854e+03 3.153714e+02 7.424912e+03
1.062196e+03 2.464091e+02 7.421996e+03
1.101419e+03 1.774191e+02 7.418248e+03
1.140519e+03 1.084093e+02 7.413668e+03
1.179491e+03 3.938727e+01 7.408256e+03
1.218330e+03 -2.963915e+01 7.402013e+03
1.257033e+03 -9.866225e+01 7.394940e+03
1.295594e+03 -1.676743e+02 7.387037e+03
1.334011e+03 -2.366675e+02 7.378306e+03
1.372277e+03 -3.056342e+02 7.368748e+03
1.410390e+03 -3.745666e+02 7.358363e+03
1.448345e+03 -4.434569e+02 7.347152e+03
1.486137e+03 -5.122976e+02 7.335118e+03
1.523762e+03 -5.810808e+02 7.322260e+03
1.561217e+03 -6.497988e+02 7.308582e+03
1.598496e+03 -7.184439e+02 7.294083e+03
1.635597e+03 -7.870084e+02 7.278767e+03
1.672513e+03 -8.554847e+02 7.262634e+03
1.709242e+03 -9.238650e+02 7.245686e+03
1.745780e+03 -9.921416e+02 7.227926e+03
1.782121e+03 -1.060307e+03 7.209355e+03
1.818263e+03 -1.128353e+03 7.189975e+03
1.854201e+03 -1.196273e+03 7.169789e+03
1.889930e+03 -1.264059e+03 7.148799e+03
1.925448e+03 -1.331703e+03 7.127006e+03
1.960750e+03 -1.399198e+03 7.104415e+03
1.995832e+03 -1.466535e+03 7.081026e+03
2.030690e+03 -1.533708e+03 7.056844e+03
2.065320e+03 -1.600709e+03 7.031869e+03
2.099718e+03 -1.667531e+03 7.006106e+03
2.133881e+03 -1.734166e+03 6.979557e+03
2.167805e+03 -1.800606e+03 6.952226e+03
2.201486e+03 -1.866844e+03 6.924114e+03
2.234919e+03 -1.932872e+03 6.895226e+03
2.268102e+03 -1.998684e+03 6.865565e+03
2.301031e+03 -2.064272e+03 6.835133e+03
2.333701e+03 -2.129628e+03 6.803935e+03
2.366110e+03 -2.194745e+03 6.771973e+03
2.398253e+03 -2.259616e+03 6.739252e+03
2.430127e+03 -2.324234e+03 6.705775e+03
2.461729e+03 -2.388591e+03 6.671546e+03
2.493055e+03 -2.452680e+03 6.636569e+03
2.524101e+03 -2.516494e+03 6.600847e+03
2.554863e+03 -2.580025e+03 6.564385e+03
2.585340e+03 -2.643267e+03 6.527186e+03
2.615526e+03 -2.706213e+03 6.489255e+03
2.645419e+03 -2.768855e+03 6.450597e+03
2.675015e+03 -2.831187e+03 6.411215e+03
2.704311e+03 -2.893201e+03 6.371114e+03
2.733304e+03 -2.954891e+03 6.330298e+03
2.761990e+03 -3.016249e+03 6.288772e+03
2.790367e+03 -3.077269e+03 6.246541e+03
2.818430e+03 -3.137943e+03 6.203609e+03
2.846177e+03 -3.198266e+03 6.159981e+03
2.873605e+03 -3.258230e+03 6.115663e+03
2.900711e+03 -3.317828e+03 6.070658e+03
2.927492e+03 -3.377055e+03 6.024973e+03
2.953944e+03 -3.435902e+03 5.978611e+03
2.980064e+03 -3.494364e+03 5.931580e+03
3.005851e+03 -3.552435e+03 5.883882e+03
3.031300e+03 -3.610106e+03 5.835525e+03
3.056409e+03 -3.667373e+03 5.786514e+03
3.081176e+03 -3.724229e+03 5.736853e+03
3.105597e+03 -3.780666e+03 5.686549e+03
3.129669e+03 -3.836680e+03 5.635606e+03
3.153390e+03 -3.892263e+03 5.584032e+03
3.176758e+03 -3.947410e+03 5.531832e+03
3.199770e+03 -4.002114e+03 5.479011e+03
3.222422e+03 -4.056369e+03 5.425575e+03
3.244713e+03 -4.110169e+03 5.371531e+03
3.266640e+03 -4.163508e+03 5.316884e+03
3.288201e+03 -4.216381e+03 5.261641e+03
3.309393e+03 -4.268780e+03 5.205808e+03
3.330214e+03 -4.320700e+03 5.149391e+03
3.350661e+03 -4.372136e+03 5.092396e+03
3.370732e+03 -4.423081e+03 5.034831e+03
3.390426e+03 -4.473530e+03 4.976700e+03
3.409739e+03 -4.523478e+03 4.918011e+03
3.428669e+03 -4.572918e+03 4.858771e+03
3.447215e+03 -4.621845e+03 4.798985e+03
3.465374e+03 -4.670254e+03 4.738662e+03
3.483145e+03 -4.718138e+03 4.677806e+03
3.500525e+03 -4.765494e+03 4.616426e+03
3.517512e+03 -4.812315e+03 4.554529e+03
3.534105e+03 -4.858597e+03 4.492120e+03
3.550301e+03 -4.904333e+03 4.429208e+03
3.566099e+03 -4.949519e+03 4.365799e+03
3.581497e+03 -4.994150e+03 4.301900e+03
3.596494e+03 -5.038221e+03 4.237518e+03
3.611087e+03 -5.081727e+03 4.172661e+03
3.625275e+03 -5.124663e+03 4.107337e+03
3.639056e+03 -5.167024e+03 4.041551e+03
3.652429e+03 -5.208806e+03 3.975312e+03
3.665393e+03 -5.250003e+03 3.908628e+03
3.677945e+03 -5.290611e+03 3.841504e+03
3.690085e+03 -5.330626e+03 3.773950e+03
3.701811e+03 -5.370043e+03 3.705973e+03
3.713121e+03 -5.408858e+03 3.637580e+03
3.724016e+03 -5.447066e+03 3.568779e+03
3.734492e+03 -5.484663e+03 3.499578e+03
3.744550e+03 -5.521645e+03 3.429984e+03
3.754187e+03 -5.558007e+03 3.360006e+03
3.763404e+03 -5.593746e+03 3.289650e+03
3.772198e+03 -5.628858e+03 3.218926e+03
3.780569e+03 -5.663338e+03 3.147840e+03
3.788517e+03 -5.697183e+03 3.076402e+03
3.796039e+03 -5.730389e+03 3.004618e+03
3.803135e+03 -5.762953e+03 2.932497e+03
3.809805e+03 -5.794869e+03 2.860048e+03
3.816048e+03 -5.826136e+03 2.787278e+03
3.821863e+03 -5.856750e+03 2.714195e+03
3.827248e+03 -5.886706e+03 2.640807e+03
3.832205e+03 -5.916002e+03 2.567124e+03
3.836732e+03 -5.944635e+03 2.493152e+03
3.840828e+03 -5.972601e+03 2.418901e+03
3.844494e+03 -5.999897e+03 2.344378e+03
3.847728e+03 -6.026520e+03 2.269593e+03
3.850531e+03 -6.052467e+03 2.194553e+03
3.852902e+03 -6.077735e+03 2.119266e+03
3.854841e+03 -6.102321e+03 2.043742e+03
3.856347e+03 -6.126223e+03 1.967989e+03
3.857421e+03 -6.149438e+03 1.892015e+03
3.858062e+03 -6.171963e+03 1.815829e+03
3.858270e+03 -6.193796e+03 1.739439e+03
3.858046e+03 -6.214934e+03 1.662855e+03
3.857389e+03 -6.235374e+03 1.586083e+03
3.856299e+03 -6.255116e+03 1.509134e+03
3.854777e+03 -6.274156e+03 1.432015e+03
3.852822e+03 -6.292492e+03 1.354736e+03
3.850435e+03 -6.310122e+03 1.277305e+03
3.847616e+03 -6.327045e+03 1.199730e+03
3.844366e+03 -6.343258e+03 1.122021e+03
3.840685e+03 -6.358759e+03 1.044187e+03
3.836572e+03 -6.373547e+03 9.662346e+02
3.832030e+03 -6.387621e+03 8.881742e+02
3.827057e+03 -6.400977e+03 8.100142e+02
3.821656e+03 -6.413616e+03 7.317634e+02
3.815825e+03 -6.425536e+03 6.534305e+02
3.809567e+03 -6.436734e+03 5.750243e+02
3.802881e+03 -6.447211e+03 4.965536e+02
3.795769e+03 -6.456965e+03 4.180272e+02
3.788231e+03 -6.465994e+03 3.394539e+02
3.780268e+03 -6.474298e+03 2.608425e+02
3.771881e+03 -6.481876e+03 1.822019e+02
3.763071e+03 -6.488727e+03 1.035408e+02
3.753839e+03 -6.494850e+03 2.486815e+01
3.744186e+03 -6.500245e+03 -5.380732e+01
3.734113e+03 -6.504910e+03 -1.324767e+02
3.723621e+03 -6.508846e+03 -2.111313e+02
3.712711e+03 -6.512051e+03 -2.897622e+02
3.701385e+03 -6.514527e+03 -3.683606e+02
3.689644e+03 -6.516271e+03 -4.469177e+02
3.677489e+03 -6.517285e+03 -5.254246e+02
3.664922e+03 -6.517568e+03 -6.038726e+02
3.651943e+03 -6.517119e+03 -6.822529e+02
3.638555e+03 -6.515940e+03 -7.605566e+02
3.624758e+03 -6.514030e+03 -8.387751e+02
3.610555e+03 -6.511389e+03 -9.168994e+02
3.595948e+03 -6.508018e+03 -9.949209e+02
3.580936e+03 -6.503917e+03 -1.072831e+03
3.565523e+03 -6.499086e+03 -1.150620e+03
3.549711e+03 -6.493526e+03 -1.228281e+03
3.533500e+03 -6.487238e+03 -1.305804e+03
3.516892e+03 -6.480223e+03 -1.383180e+03
3.499890e+03 -6.472480e+03 -1.460401e+03
3.482496e+03 -6.464012e+03 -1.537458e+03
3.464711e+03 -6.454818e+03 -1.614343e+03
3.446537e+03 -6.444900e+03 -1.691047e+03
3.427977e+03 -6.434260e+03 -1.767561e+03
3.409033e+03 -6.422898e+03 -1.843877e+03
3.389706e+03 -6.410815e+03 -1.919986e+03
3.369998e+03 -6.398014e+03 -1.995880e+03
3.349913e+03 -6.384494e+03 -2.071550e+03
3.329452e+03 -6.370259e+03 -2.146987e+03
3.308618e+03 -6.355309e+03 -2.222184e+03
3.287412e+03 -6.339646e+03 -2.297131e+03
3.265838e+03 -6.323272e+03 -2.371821e+03
3.243897e+03 -6.306189e+03 -2.446245e+03
3.221593e+03 -6.288399e+03 -2.520394e+03
3.198927e+03 -6.269903e+03 -2.594261e+03
3.175902e+03 -6.250704e+03 -2.667836e+03
3.152521e+03 -6.230804e+03 -2.741113e+03
3.128787e+03 -6.210204e+03 -2.814082e+03
3.104701e+03 -6.188909e+03 -2.886735e+03
3.080268e+03 -6.166919e+03 -2.959064e+03
3.055489e+03 -6.144237e+03 -3.031062e+03
3.030367e+03 -6.120867e+03 -3.102720e+03
3.004905e+03 -6.096810e+03 -3.174029e+03
2.979106e+03 -6.072068e+03 -3.244983e+03
2.952973e+03 -6.046646e+03 -3.315572e+03
2.926509e+03 -6.020546e+03 -3.385790e+03
2.899717e+03 -5.993770e+03 -3.455628e+03
2.872599e+03 -5.966322e+03 -3.525078e+03
2.845159e+03 -5.938205e+03 -3.594133e+03
2.817400e+03 -5.909422e+03 -3.662785e+03
2.789325e+03 -5.879976e+03 -3.731026e+03
2.760937e+03 -5.849870e+03 -3.798849e+03
2.732239e+03 -5.819108e+03 -3.866245e+03
2.703235e+03 -5.787694e+03 -3.933208e+03
2.673928e+03 -5.755630e+03 -3.999729e+03
2.644321e+03 -5.722921e+03 -4.065802e+03
2.614417e+03 -5.689569e+03 -4.131419e+03
2.584220e+03 -5.655580e+03 -4.196573e+03
2.553733e+03 -5.620956e+03 -4.261255e+03
2.522960e+03 -5.585702e+03 -4.325460e+03
2.491904e+03 -5.549822e+03 -4.389180e+03
2.460568e+03 -5.513318e+03 -4.452407e+03
2.428956e+03 -5.476197e+03 -4.515135e+03
2.397072e+03 -5.438461e+03 -4.577357e+03
2.364919e+03 -5.400115e+03 -4.639065e+03
2.332500e+03 -5.361163e+03 -4.700252e+03
2.299820e+03 -5.321611e+03 -4.760913e+03
2.266882e+03 -5.281461e+03 -4.821039e+03
2.233690e+03 -5.240719e+03 -4.880625e+03
2.200247e+03 -5.199389e+03 -4.939663e+03
2.166557e+03 -5.157475e+03 -4.998148e+03
2.132625e+03 -5.114984e+03 -5.056071e+03
2.098453e+03 -5.071918e+03 -5.113428e+03
2.064046e+03 -5.028284e+03 -5.170211e+03
2.029407e+03 -4.984086e+03 -5.226414e+03
1.994541e+03 -4.939328e+03 -5.282031e+03
1.959451e+03 -4.894017e+03 -5.337055e+03
1.924141e+03 -4.848156e+03 -5.391481e+03
1.888615e+03 -4.801752e+03 -5.445302e+03
1.852878e+03 -4.754810e+03 -5.498512e+03
1.816933e+03 -4.707334e+03 -5.551105e+03
1.780784e+03 -4.659329e+03 -5.603076e+03
1.744435e+03 -4.610803e+03 -5.654418e+03
1.707890e+03 -4.561759e+03 -5.705127e+03
1.671154e+03 -4.512203e+03 -5.755195e+03
1.634231e+03 -4.462142e+03 -5.804617e+03
1.597124e+03 -4.411580e+03 -5.853389e+03
1.559838e+03 -4.360523e+03 -5.901504e+03
1.522377e+03 -4.308977e+03 -5.948957e+03
1.484745e+03 -4.256947e+03 -5.995743e+03
1.446947e+03 -4.204441e+03 -6.041856e+03
1.408986e+03 -4.151462e+03 -6.087292e+03
1.370868e+03 -4.098018e+03 -6.132045e+03
1.332595e+03 -4.044114e+03 -6.176110e+03
1.294174e+03 -3.989757e+03 -6.219482e+03
1.255607e+03 -3.934952e+03 -6.262157e+03
1.216899e+03 -3.879706e+03 -6.304129e+03
1.178055e+03 -3.824024e+03 -6.345394e+03
1.139078e+03 -3.767914e+03 -6.385948e+03
1.099974e+03 -3.711381e+03 -6.425785e+03
1.060746e+03 -3.654432e+03 -6.464901e+03
1.021400e+03 -3.597073e+03 -6.503292e+03
9.819387e+02 -3.539310e+03 -6.540954e+03
9.423675e+02 -3.481151e+03 -6.577882e+03
9.026905e+02 -3.422600e+03 -6.614073e+03
8.629123e+02 -3.363666e+03 -6.649521e+03
8.230373e+02 -3.304355e+03 -6.684224e+03
7.830700e+02 -3.244673e+03 -6.718177e+03
7.430148e+02 -3.184628e+03 -6.751376e+03
7.028764e+02 -3.124224e+03 -6.783818e+03
6.626590e+02 -3.063471e+03 -6.815499e+03
6.223674e+02 -3.002374e+03 -6.846416e+03
5.820059e+02 -2.940940e+03 -6.876565e+03
5.415792e+02 -2.879176e+03 -6.905942e+03
5.010917e+02 -2.817090e+03 -6.934545e+03
4.605480e+02 -2.754687e+03 -6.962370e+03
4.199526e+02 -2.691975e+03 -6.989414e+03
3.793102e+02 -2.628962e+03 -7.015674e+03
3.386252e+02 -2.565653e+03 -7.041147e+03
2.979022e+02 -2.502057e+03 -7.065831e+03
2.571458e+02 -2.438180e+03 -7.089722e+03
2.163605e+02 -2.374030e+03 -7.112817e+03
1.755510e+02 -2.309613e+03 -7.135115e+03
1.347218e+02 -2.244938e+03 -7.156613e+03
9.387752e+01 -2.180010e+03 -7.177308e+03
5.302268e+01 -2.114838e+03 -7.197197e+03
1.216189e+01 -2.049429e+03 -7.216280e+03
-2.870027e+01 -1.983790e+03 -7.234553e+03
-6.955920e+01 -1.917928e+03 -7.252015e+03
-1.104103e+02 -1.851852e+03 -7.268663e+03
-1.512491e+02 -1.785567e+03 -7.284496e+03
-1.920709e+02 -1.719082e+03 -7.299511e+03
-2.328711e+02 -1.652405e+03 -7.313708e+03
-2.736452e+02 -1.585542e+03 -7.327085e+03
-3.143886e+02 -1.518501e+03 -7.339640e+03
-3.550968e+02 -1.451290e+03 -7.351372e+03
-3.957651e+02 -1.383916e+03 -7.362279e+03
-4.363891e+02 -1.316387e+03 -7.372360e+03
-4.769641e+02 -1.248710e+03 -7.381614e+03
-5.174856e+02 -1.180894e+03 -7.390041e+03
-5.579490e+02 -1.112944e+03 -7.397638e+03
-5.983499e+02 -1.044870e+03 -7.404406e+03
-6.386836e+02 -9.766791e+02 -7.410343e+03
-6.789458e+02 -9.083782e+02 -7.415449e+03
-7.191317e+02 -8.399755e+02 -7.419723e+03
-7.592370e+02 -7.714786e+02 -7.423165e+03
-7.992572e+02 -7.028951e+02 -7.425775e+03
-8.391877e+02 -6.342328e+02 -7.427551e+03
-8.790240e+02 -5.654994e+02 -7.428494e+03
-9.187618e+02 -4.967025e+02 -7.428605e+03
-9.583965e+02 -4.278499e+02 -7.427881e+03
-9.979237e+02 -3.589493e+02 -7.426325e+03
-1.037339e+03 -2.900085e+02 -7.423936e+03
-1.076638e+03 -2.210351e+02 -7.420714e+03
-1.115816e+03 -1.520369e+02 -7.416660e+03
-1.154869e+03 -8.302173e+01 -7.411774e+03
-1.193793e+03 -1.399720e+01 -7.406056e+03
-1.232582e+03 5.502889e+01 -7.399508e+03
-1.271233e+03 1.240488e+02 -7.392130e+03
-1.309742e+03 1.930548e+02 -7.383922e+03
-1.348104e+03 2.620392e+02 -7.374887e+03
-1.386315e+03 3.309942e+02 -7.365024e+03
-1.424370e+03 3.999120e+02 -7.354335e+03
-1.462265e+03 4.687850e+02 -7.342821e+03
-1.499996e+03 5.376054e+02 -7.330484e+03
-1.537560e+03 6.063655e+02 -7.317324e+03
-1.574950e+03 6.750576e+02 -7.303344e+03
-1.612164e+03 7.436739e+02 -7.288544e+03
-1.649197e+03 8.122069e+02 -7.272927e+03
-1.686045e+03 8.806487e+02 -7.256494e+03
-1.722704e+03 9.489918e+02 -7.239248e+03
-1.759170e+03 1.017228e+03 -7.221189e+03
-1.795439e+03 1.085351e+03 -7.202320e+03
-1.831506e+03 1.153352e+03 -7.182644e+03
-1.867368e+03 1.221223e+03 -7.162161e+03
-1.903020e+03 1.288958e+03 -7.140876e+03
