-7.067961239789e+02 -7.683998379906e+02 7.428660919941e+03 3.521003925463e+03 -3.238720004860e+03 6.035921628763e+03
-7.657503671211e+02 -7.140133931539e+02 7.428244300304e+03 3.578121673829e+03 -3.176253941363e+03 6.035526129650e+03
-8.245396875859e+02 -6.594613804549e+02 7.426994488125e+03 3.634863742024e+03 -3.113456372360e+03 6.034339684522e+03
-8.831572874268e+02 -6.047501326338e+02 7.424911623588e+03 3.691223174666e+03 -3.050334973237e+03 6.032362450004e+03
-9.415963916436e+02 -5.498860177043e+02 7.421995940320e+03 3.747193082594e+03 -2.986897419567e+03 6.029594687114e+03
-9.998502601059e+02 -4.948754231699e+02 7.418247765359e+03 3.802766589484e+03 -2.923151450622e+03 6.026036761227e+03
-1.057912182055e+03 -4.397247620125e+02 7.413667519122e+03 3.857936860678e+03 -2.859104836903e+03 6.021689142027e+03
-1.115775473505e+03 -3.844404817577e+02 7.408255715353e+03 3.912697128658e+03 -2.794765344720e+03 6.016552403442e+03
-1.173433487213e+03 -3.290290421551e+02 7.402012961071e+03 3.967040634999e+03 -2.730140814285e+03 6.010627223565e+03
-1.230879603791e+03 -2.734969399164e+02 7.394939956496e+03 4.020960697569e+03 -2.665239067544e+03 6.003914384564e+03
-1.288107240209e+03 -2.178506848603e+02 7.387037494976e+03 4.074450654171e+03 -2.600067987718e+03 5.996414772574e+03
-1.345109846690e+03 -1.620968084535e+02 7.378306462894e+03 4.127503888564e+03 -2.534635484344e+03 5.988129377579e+03
-1.401880906533e+03 -1.062418753765e+02 7.368747839570e+03 4.180113853040e+03 -2.468949455496e+03 5.979059293275e+03
-1.458413940219e+03 -5.029245956347e+01 7.358362697152e+03 4.232274024063e+03 -2.403017858985e+03 5.969205716922e+03
-1.514702503751e+03 5.744845744778e+00 7.347152200494e+03 4.283977926566e+03 -2.336848675969e+03 5.958569949182e+03
-1.570740189946e+03 6.186341495792e+01 7.335117607028e+03 4.335219154764e+03 -2.270449871793e+03 5.947153393943e+03
-1.626520629571e+03 1.180566170988e+02 7.322260266618e+03 4.385991331259e+03 -2.203829469957e+03 5.934957558127e+03
-1.682037491138e+03 1.743178042534e+02 7.308581621415e+03 4.436288129585e+03 -2.136995514316e+03 5.921984051485e+03
-1.737284483669e+03 2.306402970721e+02 7.294083205690e+03 4.486103293247e+03 -2.069956028589e+03 5.908234586382e+03
-1.792255354847e+03 2.870174146930e+02 7.278766645664e+03 4.535430598314e+03 -2.002719093012e+03 5.893710977560e+03
-1.846943892281e+03 3.434424617147e+02 7.262633659328e+03 4.584263874209e+03 -1.935292805174e+03 5.878415141894e+03
-1.901343927736e+03 3.999087122609e+02 7.245686056246e+03 4.632597020943e+03 -1.867685238227e+03 5.862349098130e+03
-1.955449332297e+03 4.564094428228e+02 7.227925737352e+03 4.680423975238e+03 -1.799904520159e+03 5.845514966616e+03
-2.009254019099e+03 5.129379177729e+02 7.209354694742e+03 4.727738729532e+03 -1.731958793294e+03 5.827914969007e+03
-2.062751949037e+03 5.694873720164e+02 7.189975011445e+03 4.774535347406e+03 -1.663856171251e+03 5.809551427969e+03
-2.115937122925e+03 6.260510467059e+02 7.169788861194e+03 4.820807933258e+03 -1.595604820758e+03 5.790426766862e+03
-2.168803585700e+03 6.826221733177e+02 7.148798508176e+03 4.866550649510e+03 -1.527212919854e+03 5.770543509411e+03
-2.221345433608e+03 7.391939549134e+02 7.127006306785e+03 4.911757730210e+03 -1.458688613645e+03 5.749904279363e+03
-2.273556801024e+03 7.957596113486e+02 7.104414701354e+03 4.956423450207e+03 -1.390040113112e+03 5.728511800134e+03
-2.325431877801e+03 8.523123285823e+02 7.081026225880e+03 5.000542160941e+03 -1.321275579356e+03 5.706368894436e+03
-2.376964894586e+03 9.088453052775e+02 7.056843503744e+03 5.044108261416e+03 -1.252403223605e+03 5.683478483898e+03
-2.428150129483e+03 9.653517345314e+02 7.031869247411e+03 5.087116212377e+03 -1.183431263361e+03 5.659843588665e+03
-2.478981917690e+03 1.021824782878e+03 7.006106258130e+03 5.129560546839e+03 -1.114367876234e+03 5.635467326994e+03
-2.529454635646e+03 1.078257633416e+03 6.979557425621e+03 5.171435849364e+03 -1.045221288115e+03 5.610352914827e+03
-2.579562709168e+03 1.134643466163e+03 6.952225727744e+03 5.212736768402e+03 -9.759997281473e+02 5.584503665358e+03
-2.629300624559e+03 1.190975435744e+03 6.924114230174e+03 5.253458024966e+03 -9.067113814724e+02 5.557922988584e+03
-2.678662909752e+03 1.247246717189e+03 6.895226086049e+03 5.293594395542e+03 -8.373644796322e+02 5.530614390840e+03
-2.727644143917e+03 1.303450484951e+03 6.865564535622e+03 5.333140722580e+03 -7.679672544056e+02 5.502581474326e+03
-2.776238970037e+03 1.359579889290e+03 6.835132905894e+03 5.372091921321e+03 -6.985278895134e+02 5.473827936622e+03
-2.824442073054e+03 1.415628104705e+03 6.803934610244e+03 5.410442966338e+03 -6.290546131590e+02 5.444357570183e+03
-2.872248190948e+03 1.471588307618e+03 6.771973148044e+03 5.448188900182e+03 -5.595556507786e+02 5.414174261825e+03
-2.919652128763e+03 1.527453651509e+03 6.739252104266e+03 5.485324838345e+03 -4.900391757527e+02 5.383281992204e+03
-2.966648733778e+03 1.583217317898e+03 6.705775149081e+03 5.521845959450e+03 -4.205134039930e+02 5.351684835274e+03
-3.013232908041e+03 1.638872492740e+03 6.671546037448e+03 5.557747512035e+03 -3.509865456529e+02 5.319386957734e+03
-3.059399623850e+03 1.694412340332e+03 6.636568608691e+03 5.593024817663e+03 -2.814667548965e+02 5.286392618470e+03
-3.105143895947e+03 1.749830056785e+03 6.600846786071e+03 5.627673264750e+03 -2.119622264357e+02 5.252706167970e+03
-3.150460795512e+03 1.805118845165e+03 6.564384576343e+03 5.661688313497e+03 -1.424811462508e+02 5.218332047747e+03
-3.195345467082e+03 1.860271888192e+03 6.527186069306e+03 5.695065497135e+03 -7.303164046662e+01 5.183274789729e+03
-3.239793097793e+03 1.915282404152e+03 6.489255437351e+03 5.727800419404e+03 -3.621873743502e+00 5.147539015650e+03
-3.283798932816e+03 1.970143620796e+03 6.450596934984e+03 5.759888757616e+03 6.574000094301e+01 5.111129436426e+03
-3.327358293710e+03 2.024848746885e+03 6.411214898354e+03 5.791326262049e+03 1.350458942661e+02 5.074050851520e+03
-3.370466538621e+03 2.079391040340e+03 6.371113744766e+03 5.822108757661e+03 2.042876633216e+02 5.036308148288e+03
-3.413119109670e+03 2.133763731512e+03 6.330297972185e+03 5.852232142302e+03 2.734572481445e+02 4.997906301325e+03
-3.455311491700e+03 2.187960092471e+03 6.288772158731e+03 5.881692390240e+03 3.425465536472e+02 4.958850371791e+03
-3.497039230108e+03 2.241973408941e+03 6.246540962167e+03 5.910485552130e+03 4.115475012947e+02 4.919145506726e+03
-3.538297951530e+03 2.295796949981e+03 6.203609119376e+03 5.938607751313e+03 4.804520823490e+02 4.878796938360e+03
-3.579083325321e+03 2.349424030018e+03 6.159981445827e+03 5.966055190989e+03 5.492522550290e+02 4.837809983401e+03
-3.619391082801e+03 2.402847979628e+03 6.115662835040e+03 5.992824152320e+03 6.179399969884e+02 4.796190042324e+03
-3.659217039331e+03 2.456062114159e+03 6.070658258032e+03 6.018910988892e+03 6.865073592562e+02 4.753942598639e+03
-3.698557052926e+03 2.509059797925e+03 6.024972762763e+03 6.044312137496e+03 7.549463619188e+02 4.711073218152e+03
-3.737407044907e+03 2.561834413881e+03 5.978611473568e+03 6.069024114380e+03 8.232490473466e+02 4.667587548217e+03
-3.775763023342e+03 2.614379331214e+03 5.931579590584e+03 6.093043507882e+03 8.914075347762e+02 4.623491316971e+03
-3.813621038835e+03 2.666687971623e+03 5.883882389163e+03 6.116366992793e+03 9.594139146201e+02 4.578790332569e+03
-3.850977206558e+03 2.718753777929e+03 5.835525219286e+03 6.138991324775e+03 1.027260302389e+03 4.533490482395e+03
-3.887827731047e+03 2.770570180670e+03 5.786513504956e+03 6.160913331169e+03 1.094938893857e+03 4.487597732272e+03
-3.924168859192e+03 2.822130666393e+03 5.736852743596e+03 6.182129928925e+03 1.162441858111e+03 4.441118125662e+03
-3.959996903643e+03 2.873428745227e+03 5.686548505428e+03 6.202638117188e+03 1.229761392109e+03 4.394057782847e+03
-3.995308268930e+03 2.924457916530e+03 5.635606432853e+03 6.222434966297e+03 1.296889776377e+03 4.346422900112e+03
-4.030099401703e+03 2.975211739104e+03 5.584032239810e+03 6.241517639259e+03 1.363819266902e+03 4.298219748907e+03
-4.064366815480e+03 3.025683797779e+03 5.531831711145e+03 6.259883382508e+03 1.430542150274e+03 4.249454675005e+03
-4.098107118083e+03 3.075867668145e+03 5.479010701954e+03 6.277529513117e+03 1.497050799855e+03 4.200134097652e+03
-4.131316959157e+03 3.125756988612e+03 5.425575136930e+03 6.294453443780e+03 1.563337566628e+03 4.150264508700e+03
-4.163993056251e+03 3.175345426041e+03 5.371531009700e+03 6.310652671761e+03 1.629394834871e+03 4.099852471740e+03
-4.196132223534e+03 3.224626639605e+03 5.316884382147e+03 6.326124764336e+03 1.695215078727e+03 4.048904621217e+03
-4.227731307044e+03 3.273594367010e+03 5.261641383738e+03 6.340867392412e+03 1.760790733534e+03 3.997427661539e+03
-4.258787260097e+03 3.322242327201e+03 5.205808210829e+03 6.354878291857e+03 1.826114344971e+03 3.945428366184e+03
-4.289297077216e+03 3.370564307422e+03 5.149391125975e+03 6.368155298845e+03 1.891178439964e+03 3.892913576781e+03
-4.319257822379e+03 3.418554127350e+03 5.092396457224e+03 6.380696335823e+03 1.955975583102e+03 3.839890202203e+03
-4.348666659812e+03 3.466205601600e+03 5.034830597411e+03 6.392499394040e+03 2.020498433770e+03 3.786365217632e+03
-4.377520794509e+03 3.513512616283e+03 4.976700003437e+03 6.403562567707e+03 2.084739634784e+03 3.732345663633e+03
-4.405817501737e+03 3.560469092296e+03 4.918011195549e+03 6.413884038213e+03 2.148691869173e+03 3.677838645202e+03
-4.433554159051e+03 3.607068947065e+03 4.858770756604e+03 6.423462054923e+03 2.212347917576e+03 3.622851330821e+03
-4.460728184272e+03 3.653306172638e+03 4.798985331334e+03 6.432294972711e+03 2.275700546241e+03 3.567390951497e+03
-4.487337066238e+03 3.699174798166e+03 4.738661625599e+03 6.440381234433e+03 2.338742564136e+03 3.511464799791e+03
-4.513378398001e+03 3.744668850939e+03 4.677806405637e+03 6.447719350028e+03 2.401466880525e+03 3.455080228849e+03
-4.538849812323e+03 3.789782435909e+03 4.616426497303e+03 6.454307937376e+03 2.463866392476e+03 3.398244651411e+03
-4.563749013649e+03 3.834509697422e+03 4.554528785302e+03 6.460145703043e+03 2.525934042210e+03 3.340965538826e+03
-4.588073812448e+03 3.878844779575e+03 4.492120212421e+03 6.465231419718e+03 2.587662874826e+03 3.283250420052e+03
-4.611822058296e+03 3.922781907096e+03 4.429207778748e+03 6.469563970338e+03 2.649045925408e+03 3.225106880648e+03
-4.634991673029e+03 3.966315346353e+03 4.365798540884e+03 6.473142327140e+03 2.710076276580e+03 3.166542561765e+03
-4.657580686207e+03 4.009439365091e+03 4.301899611158e+03 6.475965527450e+03 2.770747116292e+03 3.107565159123e+03
-4.679587165843e+03 4.052148314564e+03 4.237518156823e+03 6.478032721029e+03 2.831051624670e+03 3.048182421984e+03
-4.701009252701e+03 4.094436589879e+03 4.172661399255e+03 6.479343147454e+03 2.890983031693e+03 2.988402152123e+03
-4.721845196859e+03 4.136298589147e+03 4.107336613144e+03 6.479896110288e+03 2.950534675002e+03 2.928232202781e+03
-4.742093286136e+03 4.177728796786e+03 4.041551125675e+03 6.479691027591e+03 3.009699886588e+03 2.867680477623e+03
-4.761751881518e+03 4.218721743229e+03 3.975312315708e+03 6.478727407655e+03 3.068472050554e+03 2.806754929685e+03
-4.780819454771e+03 4.259271963553e+03 3.908627612950e+03 6.477004821593e+03 3.126844660866e+03 2.745463560311e+03
-4.799294502033e+03 4.299374095922e+03 3.841504497124e+03 6.474522966290e+03 3.184811189023e+03 2.683814418093e+03
-4.817175643390e+03 4.339022770317e+03 3.773950497125e+03 6.471281591808e+03 3.242365236797e+03 2.621815597795e+03
-4.834461535379e+03 4.378212707482e+03 3.705973190180e+03 6.467280565856e+03 3.299500403935e+03 2.559475239280e+03
-4.851150908210e+03 4.416938677687e+03 3.637580200996e+03 6.462519846851e+03 3.356210345894e+03 2.496801526427e+03
-4.867242605056e+03 4.455195458572e+03 3.568779200904e+03 6.456999453936e+03 3.412488831388e+03 2.433802686041e+03
-4.882735504700e+03 4.492977921081e+03 3.499577907001e+03 6.450719525619e+03 3.468329629262e+03 2.370486986761e+03
-4.897628559791e+03 4.530280987732e+03 3.429984081284e+03 6.443680291272e+03 3.523726566140e+03 2.306862737965e+03
-4.911920837091e+03 4.567099590044e+03 3.360005529776e+03 6.435882039648e+03 3.578673583765e+03 2.242938288662e+03
-4.925611438086e+03 4.603428755290e+03 3.289650101656e+03 6.427325180453e+03 3.633164626156e+03 2.178722026386e+03
-4.938699538235e+03 4.639263564309e+03 3.218925688372e+03 6.418010214309e+03 3.687193697109e+03 2.114222376086e+03
-4.951184428140e+03 4.674599108570e+03 3.147840222763e+03 6.407937699815e+03 3.740754917265e+03 2.049447799005e+03
-4.963065432196e+03 4.709430577647e+03 3.076401678164e+03 6.397108317975e+03 3.793842411672e+03 1.984406791560e+03
-4.974341948797e+03 4.743753216618e+03 3.004618067512e+03 6.385522840661e+03 3.846450367082e+03 1.919107884217e+03
-4.985013492383e+03 4.777562282810e+03 2.932497442450e+03 6.373182096260e+03 3.898573088680e+03 1.853559640361e+03
-4.995079610214e+03 4.810853133907e+03 2.860047892423e+03 6.360087036875e+03 3.950204888177e+03 1.787770655164e+03
-5.004539923491e+03 4.843621184975e+03 2.787277543768e+03 6.346238705338e+03 4.001340140834e+03 1.721749554444e+03
-5.013394170244e+03 4.875861864948e+03 2.714194558806e+03 6.331638199463e+03 4.051973341801e+03 1.655504993527e+03
-5.021642120304e+03 4.907570705254e+03 2.640807134926e+03 6.316286741965e+03 4.102098994855e+03 1.589045656102e+03
-5.029283617302e+03 4.938743296532e+03 2.567123503661e+03 6.300185646041e+03 4.151711669091e+03 1.522380253074e+03
-5.036318622360e+03 4.969375244887e+03 2.493151929771e+03 6.283336278286e+03 4.200806054809e+03 1.455517521412e+03
-5.042747127338e+03 4.999462260956e+03 2.418900710314e+03 6.265740131235e+03 4.249376853021e+03 1.388466222997e+03
-5.048569197677e+03 5.029000116349e+03 2.344378173712e+03 6.247398787566e+03 4.297418831745e+03 1.321235143466e+03
-5.053785016840e+03 5.057984599735e+03 2.269592678821e+03 6.228313881711e+03 4.344926881384e+03 1.253833091050e+03
-5.058394783005e+03 5.086411621078e+03 2.194552613991e+03 6.208487187828e+03 4.391895886896e+03 1.186268895415e+03
-5.062398827325e+03 5.114277093656e+03 2.119266396128e+03 6.187920518238e+03 4.438320874718e+03 1.118551406498e+03
-5.065797509840e+03 5.141577038421e+03 2.043742469744e+03 6.166615812627e+03 4.484196885419e+03 1.050689493342e+03
-5.068591263621e+03 5.168307540104e+03 1.967989306017e+03 6.144575100037e+03 4.529519029210e+03 9.826920429245e+02
-5.070780640369e+03 5.194464703107e+03 1.892015401838e+03 6.121800458400e+03 4.574282540343e+03 9.145679589911e+02
-5.072366219509e+03 5.220044741244e+03 1.815829278853e+03 6.098294093686e+03 4.618482669226e+03 8.463261608829e+02
-5.073348653065e+03 5.245043933701e+03 1.739439482518e+03 6.074058300614e+03 4.662114737381e+03 7.779755823630e+02
-5.073728711883e+03 5.269458580878e+03 1.662854581128e+03 6.049095421007e+03 4.705174191174e+03 7.095251704428e+02
-5.073507193339e+03 5.293285094213e+03 1.586083164865e+03 6.023407925256e+03 4.747656495126e+03 6.409838842059e+02
-5.072684966891e+03 5.316519952037e+03 1.509133844833e+03 5.996998371798e+03 4.789557186264e+03 5.723606936314e+02
-5.071263020889e+03 5.339159655424e+03 1.432015252088e+03 5.969869364338e+03 4.830871927117e+03 5.036645784165e+02
-5.069242368984e+03 5.361200817987e+03 1.354736036673e+03 5.942023635534e+03 4.871596400344e+03 4.349045267979e+02
-5.066624096314e+03 5.382640121691e+03 1.277304866649e+03 5.913464005294e+03 4.911726362411e+03 3.660895343731e+02
-5.063409406852e+03 5.403474272743e+03 1.199730427119e+03 5.884193336907e+03 4.951257695810e+03 2.972286029207e+02
-5.059599528613e+03 5.423700091279e+03 1.122021419257e+03 5.854214622860e+03 4.990186305106e+03 2.283307392209e+02
-5.055195760421e+03 5.443314467168e+03 1.044186559330e+03 5.823530941999e+03 5.028508169889e+03 1.594049538756e+02
-5.050199519759e+03 5.462314316001e+03 9.662345777234e+02 5.792145414613e+03 5.066219396153e+03 9.046026012866e+01
-5.044612246856e+03 5.480696668561e+03 8.881742179571e+02 5.760061290297e+03 5.103316113882e+03 2.150567268623e+01
-5.038435452004e+03 5.498458626678e+03 8.100142357087e+02 5.727281904017e+03 5.139794529216e+03 -4.744979346249e+01
-5.031670763843e+03 5.515597319352e+03 7.317633978296e+02 5.693810630203e+03 5.175650974936e+03 -1.163971242241e+02
-5.024319832441e+03 5.532109991921e+03 6.534304813622e+02 5.659650972549e+03 5.210881809697e+03 -1.853273075789e+02
-5.016384377103e+03 5.547993962009e+03 5.750242725551e+02 5.624806519046e+03 5.245483469354e+03 -2.542313347585e+02
-5.007866235047e+03 5.563246575826e+03 4.965535658779e+02 5.589280895123e+03 5.279452516501e+03 -3.231002014223e+02
-4.998767247215e+03 5.577865311612e+03 4.180271630346e+02 5.553077870881e+03 5.312785525162e+03 -3.919249088323e+02
-4.989089388336e+03 5.591847662387e+03 3.394538719764e+02 5.516201237199e+03 5.345479212689e+03 -4.606964650275e+02
-4.978834652312e+03 5.605191239146e+03 2.608425059138e+02 5.478654913849e+03 5.377530325375e+03 -5.294058859964e+02
-4.968005100737e+03 5.617893727054e+03 1.822018823279e+02 5.440442902892e+03 5.408935688258e+03 -5.980441968480e+02
-4.956602912125e+03 5.629952842169e+03 1.035408219815e+02 5.401569240364e+03 5.439692252963e+03 -6.666024329814e+02
-4.944630282776e+03 5.641366419337e+03 2.486814792972e+01 5.362038090776e+03 5.469797001846e+03 -7.350716412529e+02
-4.932089475658e+03 5.652132368607e+03 -5.380731546967e+01 5.321853699612e+03 5.499246996825e+03 -8.034428811415e+02
-4.918982869898e+03 5.662248632251e+03 -1.324767435460e+02 5.281020344194e+03 5.528039426119e+03 -8.717072259126e+02
-4.905312861001e+03 5.671713272020e+03 -2.111313123056e+02 5.239542429775e+03 5.556171510440e+03 -9.398557637785e+02
-4.891081910048e+03 5.680524425820e+03 -2.897621994215e+02 5.197424441163e+03 5.583640550784e+03 -1.007879599057e+03
-4.876292593390e+03 5.688680265075e+03 -3.683605852230e+02 5.154670892840e+03 5.610443974027e+03 -1.075769853328e+03
-4.860947502333e+03 5.696179081256e+03 -4.469176536848e+02 5.111286426527e+03 5.636579241264e+03 -1.143517666586e+03
-4.845049292594e+03 5.703019242850e+03 -5.254245934161e+02 5.067275762003e+03 5.662043894502e+03 -1.211114198388e+03
-4.828600734153e+03 5.709199153129e+03 -6.038725986489e+02 5.022643646521e+03 5.686835601074e+03 -1.278550629008e+03
-4.811604610502e+03 5.714717335846e+03 -6.822528702254e+02 4.977394953741e+03 5.710952064214e+03 -1.345818160572e+03
-4.794063768311e+03 5.719572392556e+03 -7.605566165854e+02 4.931534633797e+03 5.734391068616e+03 -1.412908018204e+03
-4.775981167386e+03 5.723762960819e+03 -8.387750547520e+02 4.885067662071e+03 5.757150523598e+03 -1.479811451163e+03
-4.757359779590e+03 5.727287798986e+03 -9.168994113169e+02 4.837999139380e+03 5.779228376030e+03 -1.546519733974e+03
-4.738202638660e+03 5.730145743912e+03 -9.949209234248e+02 4.790334241348e+03 5.800622654695e+03 -1.613024167561e+03
-4.718512890227e+03 5.732335669636e+03 -1.072830839756e+03 4.742078166586e+03 5.821331512168e+03 -1.679316080368e+03
-4.698293673681e+03 5.733856584953e+03 -1.150620421507e+03 4.693236255176e+03 5.841353126414e+03 -1.745386829489e+03
-4.677548256214e+03 5.734707522645e+03 -1.228280943373e+03 4.643813851706e+03 5.860685812753e+03 -1.811227801777e+03
-4.656279914615e+03 5.734887636516e+03 -1.305803694526e+03 4.593816424289e+03 5.879327926715e+03 -1.876830414961e+03
-4.634491985236e+03 5.734396159858e+03 -1.383179979587e+03 4.543249512883e+03 5.897277906301e+03 -1.942186118756e+03
-4.612187913989e+03 5.733232365014e+03 -1.460401119611e+03 4.492118676606e+03 5.914534311618e+03 -2.007286395966e+03
-4.589371154890e+03 5.731395645317e+03 -1.537458453051e+03 4.440429596772e+03 5.931095744518e+03 -2.072122763583e+03
-4.566045220055e+03 5.728885474061e+03 -1.614343336735e+03 4.388188024658e+03 5.946960889547e+03 -2.136686773883e+03
-4.542213729599e+03 5.725701364652e+03 -1.691047146833e+03 4.335399728372e+03 5.962128552163e+03 -2.200970015512e+03
-4.517880310248e+03 5.721842951330e+03 -1.767561279827e+03 4.282070596760e+03 5.976597581069e+03 -2.264964114576e+03
-4.493048645296e+03 5.717309948679e+03 -1.843877153472e+03 4.228206586671e+03 5.990366907789e+03 -2.328660735716e+03
-4.467722524370e+03 5.712102112409e+03 -1.919986207761e+03 4.173813669437e+03 6.003435583443e+03 -2.392051583183e+03
-4.441905742206e+03 5.706219318776e+03 -1.995879905888e+03 4.118897935535e+03 6.015802703843e+03 -2.455128401904e+03
-4.415602148519e+03 5.699661524682e+03 -2.071549735199e+03 4.063465541415e+03 6.027467447670e+03 -2.517882978551e+03
-4.388815697576e+03 5.692428729118e+03 -2.146987208153e+03 4.007522655639e+03 6.038429111749e+03 -2.580307142588e+03
-4.361550347250e+03 5.684521051204e+03 -2.222183863268e+03 3.951075564198e+03 6.048687039007e+03 -2.642392767330e+03
-4.333810108747e+03 5.675938690920e+03 -2.297131266077e+03 3.894130616944e+03 6.058240655196e+03 -2.704131770985e+03
-4.305599095938e+03 5.666681891249e+03 -2.371821010069e+03 3.836694173463e+03 6.067089502636e+03 -2.765516117689e+03
-4.276921424791e+03 5.656751014759e+03 -2.446244717633e+03 3.778772708920e+03 6.075233171111e+03 -2.826537818544e+03
-4.247781262909e+03 5.646146505000e+03 -2.520394040999e+03 3.720372760164e+03 6.082671333103e+03 -2.887188932639e+03
-4.218182878567e+03 5.634868849391e+03 -2.594260663172e+03 3.661500871381e+03 6.089403775957e+03 -2.947461568071e+03
-4.188130540624e+03 5.622918654265e+03 -2.667836298869e+03 3.602163700365e+03 6.095430335804e+03 -3.007347882959e+03
-4.157628567832e+03 5.610296606971e+03 -2.741112695442e+03 3.542367964347e+03 6.100750931255e+03 -3.066840086445e+03
-4.126681377505e+03 5.597003439534e+03 -2.814081633811e+03 3.482120385486e+03 6.105365593962e+03 -3.125930439697e+03
-4.095293369665e+03 5.583040014116e+03 -2.886734929379e+03 3.421427815377e+03 6.109274395597e+03 -3.184611256900e+03
-4.063469057941e+03 5.568407225780e+03 -2.959064432956e+03 3.360297091048e+03 6.112477530159e+03 -3.242874906237e+03
-4.031212954045e+03 5.553106087107e+03 -3.031062031669e+03 3.298735159577e+03 6.114975242526e+03 -3.300713810872e+03
-3.998529616549e+03 5.537137691555e+03 -3.102719649871e+03 3.236749023590e+03 6.116767859504e+03 -3.358120449913e+03
-3.965423698865e+03 5.520503178483e+03 -3.174029250054e+03 3.174345686607e+03 6.117855817643e+03 -3.415087359378e+03
-3.931899850994e+03 5.503203803770e+03 -3.244982833741e+03 3.111532259903e+03 6.118239605560e+03 -3.471607133151e+03
-3.897962767919e+03 5.485240903965e+03 -3.315572442391e+03 3.048315907885e+03 6.117919793363e+03 -3.527672423924e+03
-3.863617237094e+03 5.466615862180e+03 -3.385790158286e+03 2.984703793423e+03 6.116897058768e+03 -3.583275944141e+03
-3.828868041073e+03 5.447330176922e+03 -3.455628105423e+03 2.920703184736e+03 6.115172132696e+03 -3.638410466925e+03
-3.793720005471e+03 5.427385427072e+03 -3.525078450396e+03 2.856321400694e+03 6.112745827044e+03 -3.693068827003e+03
-3.758178045908e+03 5.406783238681e+03 -3.594133403273e+03 2.791565756202e+03 6.109619059062e+03 -3.747243921619e+03
-3.722247071629e+03 5.385525351944e+03 -3.662785218474e+03 2.726443668983e+03 6.105792800306e+03 -3.800928711441e+03
-3.685932032974e+03 5.363613587045e+03 -3.731026195634e+03 2.660962604887e+03 6.101268102696e+03 -3.854116221461e+03
-3.649237967731e+03 5.341049811890e+03 -3.798848680473e+03 2.595130023357e+03 6.096046121155e+03 -3.906799541880e+03
-3.612169905849e+03 5.317836007153e+03 -3.866245065649e+03 2.528953484026e+03 6.090128065949e+03 -3.958971828993e+03
-3.574732916365e+03 5.293974233030e+03 -3.933207791615e+03 2.462440592059e+03 6.083515227032e+03 -4.010626306059e+03
-3.536932153121e+03 5.269466597921e+03 -3.999729347464e+03 2.395598943789e+03 6.076208994890e+03 -4.061756264163e+03
-3.498772760666e+03 5.244315321507e+03 -4.065802271776e+03 2.328436232992e+03 6.068210816347e+03 -4.112355063072e+03
-3.460259920598e+03 5.218522702430e+03 -4.131419153448e+03 2.260960196336e+03 6.059522217156e+03 -4.162416132080e+03
-3.421398896583e+03 5.192091087961e+03 -4.196572632533e+03 2.193178559229e+03 6.050144821029e+03 -4.211932970843e+03
-3.382194941562e+03 5.165022935048e+03 -4.261255401059e+03 2.125099141675e+03 6.040080308963e+03 -4.260899150209e+03
-3.342653343447e+03 5.137320778944e+03 -4.325460203854e+03 2.056729803880e+03 6.029330440040e+03 -4.309308313030e+03
-3.302779469400e+03 5.108987203905e+03 -4.389179839354e+03 1.988078392367e+03 6.017897068637e+03 -4.357154174975e+03
-3.262578659540e+03 5.080024911703e+03 -4.452407160418e+03 1.919152862926e+03 6.005782101672e+03 -4.404430525326e+03
-3.222056346461e+03 5.050436643399e+03 -4.515135075122e+03 1.849961138330e+03 5.992987545758e+03 -4.451131227768e+03
-3.181217949687e+03 5.020225246785e+03 -4.577356547560e+03 1.780511230978e+03 5.979515466251e+03 -4.497250221168e+03
-3.140068920180e+03 4.989393646687e+03 -4.639064598631e+03 1.710811188887e+03 5.965368005022e+03 -4.542781520344e+03
-3.098614783277e+03 4.957944817403e+03 -4.700252306822e+03 1.640869042372e+03 5.950547394573e+03 -4.587719216825e+03
-3.056861049859e+03 4.925881838051e+03 -4.760912808986e+03 1.570692908259e+03 5.935055926952e+03 -4.632057479601e+03
-3.014813260090e+03 4.893207863897e+03 -4.821039301108e+03 1.500290936182e+03 5.918895969685e+03 -4.675790555863e+03
-2.972477025482e+03 4.859926099882e+03 -4.880625039072e+03 1.429671255683e+03 5.902069978007e+03 -4.718912771730e+03
-2.929857941732e+03 4.826039853738e+03 -4.939663339415e+03 1.358842079602e+03 5.884580467450e+03 -4.761418532971e+03
-2.886961631638e+03 4.791552508380e+03 -4.998147580078e+03 1.287811650745e+03 5.866430027915e+03 -4.803302325712e+03
-2.843793786248e+03 4.756467496533e+03 -5.056071201148e+03 1.216588189443e+03 5.847621334001e+03 -4.844558717136e+03
-2.800360079456e+03 4.720788351577e+03 -5.113427705596e+03 1.145179996027e+03 5.828157121302e+03 -4.885182356169e+03
-2.756666210060e+03 4.684518681025e+03 -5.170210660001e+03 1.073595397910e+03 5.808040198605e+03 -4.925167974161e+03
-2.712717941931e+03 4.647662142270e+03 -5.226413695277e+03 1.001842697668e+03 5.787273456292e+03 -4.964510385550e+03
-2.668521020487e+03 4.610222491121e+03 -5.282030507384e+03 9.299302744926e+02 5.765859846394e+03 -5.003204488519e+03
-2.624081213818e+03 4.572203556378e+03 -5.337054858035e+03 8.578665317381e+02 5.743802392880e+03 -5.041245265639e+03
-2.579404351858e+03 4.533609216735e+03 -5.391480575399e+03 7.856598455773e+02 5.721104198139e+03 -5.078627784511e+03
-2.534496244807e+03 4.494443446950e+03 -5.445301554788e+03 7.133186653313e+02 5.697768426804e+03 -5.115347198381e+03
-2.489362723296e+03 4.454710293559e+03 -5.498511759347e+03 6.408514615365e+02 5.673798314125e+03 -5.151398746758e+03
-2.444009676502e+03 4.414413852927e+03 -5.551105220729e+03 5.682666752231e+02 5.649197170520e+03 -5.186777756013e+03
-2.398442972619e+03 4.373558315044e+03 -5.603076039762e+03 4.955728170218e+02 5.623968369192e+03 -5.221479639972e+03
-2.352668498018e+03 4.332147940368e+03 -5.654418387116e+03 4.227784158036e+02 5.598115352575e+03 -5.255499900494e+03
-2.306692194259e+03 4.290187039072e+03 -5.705126503951e+03 3.498919686324e+02 5.571641634946e+03 -5.288834128036e+03
-2.260519968241e+03 4.247680019031e+03 -5.755194702567e+03 2.769220548152e+02 5.544550793037e+03 -5.321478002218e+03
-2.214157792619e+03 4.204631330684e+03 -5.804617367042e+03 2.038772038321e+02 5.516846474618e+03 -5.353427292359e+03
-2.167611617055e+03 4.161045513787e+03 -5.853388953858e+03 1.307660086819e+02 5.488532391025e+03 -5.384677858018e+03
-2.120887405598e+03 4.116927176220e+03 -5.901503992528e+03 5.759707559312e+01 5.459612320378e+03 -5.415225649510e+03
-2.073991171779e+03 4.072280975230e+03 -5.948957086206e+03 -1.562102479047e+01 5.430090106937e+03 -5.445066708425e+03
-2.026928904974e+03 4.027111654677e+03 -5.995742912292e+03 -8.887966204913e+01 5.399969658925e+03 -5.474197168119e+03
-1.979706606666e+03 3.981424025029e+03 -6.041856223032e+03 -1.621701955676e+02 5.369254949800e+03 -5.502613254207e+03
-1.932330324323e+03 3.935222945830e+03 -6.087291846106e+03 -2.354840225439e+02 5.337950015652e+03 -5.530311285038e+03
-1.884806080139e+03 3.888513360436e+03 -6.132044685204e+03 -3.088124842088e+02 5.306058956878e+03 -5.557287672157e+03
-1.837139906122e+03 3.841300277218e+03 -6.176109720603e+03 -3.821469146486e+02 5.273585937499e+03 -5.583538920759e+03
-1.789337876729e+03 3.793588753268e+03 -6.219482009728e+03 -4.554786879600e+02 5.240535180605e+03 -5.609061630128e+03
-1.741406040056e+03 3.745383926599e+03 -6.262156687706e+03 -5.287991261440e+02 5.206910973877e+03 -5.633852494067e+03
-1.693350451725e+03 3.696690998575e+03 -6.304128967911e+03 -6.020995471209e+02 5.172717666957e+03 -5.657908301316e+03
-1.645177206223e+03 3.647515218855e+03 -6.345394142502e+03 -6.753713109865e+02 5.137959664933e+03 -5.681225935949e+03
-1.596892370635e+03 3.597861915049e+03 -6.385947582951e+03 -7.486057296697e+02 5.102641437719e+03 -5.703802377777e+03
-1.548502017276e+03 3.547736476374e+03 -6.425784740563e+03 -8.217941140934e+02 5.066767515467e+03 -5.725634702720e+03
-1.500012253712e+03 3.497144339858e+03 -6.464901146983e+03 -8.949278194857e+02 5.030342480101e+03 -5.746720083178e+03
-1.451429159103e+03 3.446091017419e+03 -6.503292414702e+03 -9.679981568913e+02 4.993370978553e+03 -5.767055788387e+03
-1.402758815546e+03 3.394582080772e+03 -6.540954237545e+03 -1.040996439431e+03 4.955857716216e+03 -5.786639184762e+03
-1.354007336743e+03 3.342623148894e+03 -6.577882391156e+03 -1.113914026623e+03 4.917807446535e+03 -5.805467736230e+03
-1.305180807025e+03 3.290219912513e+03 -6.614072733470e+03 -1.186742237835e+03 4.879224988088e+03 -5.823539004547e+03
-1.256285311377e+03 3.237378120272e+03 -6.649521205181e+03 -1.259472397598e+03 4.840115216085e+03 -5.840850649606e+03
-1.207326962711e+03 3.184103567462e+03 -6.684223830194e+03 -1.332095878896e+03 4.800483050029e+03 -5.857400429730e+03
-1.158311834462e+03 3.130402121310e+03 -6.718176716073e+03 -1.404604004671e+03 4.760333478742e+03 -5.873186201956e+03
-1.109246035181e+03 3.076279691417e+03 -6.751376054477e+03 -1.476988161984e+03 4.719671529323e+03 -5.888205922301e+03
-1.060135642536e+03 3.021742253739e+03 -6.783818121585e+03 -1.549239704562e+03 4.678502294083e+03 -5.902457646025e+03
-1.010986731062e+03 2.966795838861e+03 -6.815499278518e+03 -1.621349996442e+03 4.636830918821e+03 -5.915939527868e+03
-9.618053970367e+02 2.911446522852e+03 -6.846415971744e+03 -1.693310453446e+03 4.594662587266e+03 -5.928649822288e+03
-9.125977050117e+02 2.855700444803e+03 -6.876564733478e+03 -1.765112462210e+03 4.552002548340e+03 -5.940586883677e+03
-8.633697141464e+02 2.799563796375e+03 -6.905942182068e+03 -1.836747422760e+03 4.508856102497e+03 -5.951749166569e+03
-8.141275016067e+02 2.743042813929e+03 -6.934545022381e+03 -1.908206788851e+03 4.465228584265e+03 -5.962135225836e+03
-7.648771120354e+02 2.686143793454e+03 -6.962370046164e+03 -1.979481989229e+03 4.421125393287e+03 -5.971743716865e+03
-7.156245824381e+02 2.628873081382e+03 -6.989414132411e+03 -2.050564469110e+03 4.376551978741e+03 -5.980573395731e+03
-6.663759640764e+02 2.571237068005e+03 -7.015674247709e+03 -2.121445729330e+03 4.331513819994e+03 -5.988623119353e+03
-6.171372749384e+02 2.513242199781e+03 -7.041147446579e+03 -2.192117249929e+03 4.286016461394e+03 -5.995891845636e+03
-5.679145231485e+02 2.454894971427e+03 -7.065830871809e+03 -2.262570530481e+03 4.240065494789e+03 -6.002378633601e+03
-5.187137273255e+02 2.396201920619e+03 -7.089721754770e+03 -2.332797128030e+03 4.193666538304e+03 -6.008082643506e+03
-4.695408721132e+02 2.337169637673e+03 -7.112817415730e+03 -2.402788583056e+03 4.146825274860e+03 -6.013003136951e+03
-4.204019300845e+02 2.277804758927e+03 -7.135115264153e+03 -2.472536458629e+03 4.099547432799e+03 -6.017139476970e+03
-3.713028805386e+02 2.218113962714e+03 -7.156612798990e+03 -2.542032377086e+03 4.051838762811e+03 -6.020491128109e+03
-3.222496681483e+02 2.158103976431e+03 -7.177307608961e+03 -2.611267948458e+03 4.003705080140e+03 -6.023057656497e+03
-2.732482233299e+02 2.097781571197e+03 -7.197197372821e+03 -2.680234808400e+03 3.955152243340e+03 -6.024838729899e+03
-2.243044794561e+02 2.037153559108e+03 -7.216279859627e+03 -2.748924653584e+03 3.906186129365e+03 -6.025834117756e+03
-1.754243346715e+02 1.976226797691e+03 -7.234552928982e+03 -2.817329172649e+03 3.856812679427e+03 -6.026043691218e+03
-1.266136707038e+02 1.915008185847e+03 -7.252014531279e+03 -2.885440082874e+03 3.807037875903e+03 -6.025467423154e+03
-7.787836846827e+01 1.853504662376e+03 -7.268662707928e+03 -2.953249164253e+03 3.756867715609e+03 -6.024105388162e+03
-2.922426784562e+01 1.791723207913e+03 -7.284495591580e+03 -3.020748182154e+03 3.706308268134e+03 -6.021957762556e+03
1.934278880752e+01 1.729670841728e+03 -7.299511406330e+03 -3.087928977079e+03 3.655365606600e+03 -6.019024824344e+03
6.781699524996e+01 1.667354622364e+03 -7.313708467924e+03 -3.154783388640e+03 3.604045867780e+03 -6.015306953194e+03
1.161925651978e+02 1.604781645712e+03 -7.327085183941e+03 -3.221303290068e+03 3.552355225954e+03 -6.010804630386e+03
1.644637194461e+02 1.541959045635e+03 -7.339640053976e+03 -3.287480620011e+03 3.500299863234e+03 -6.005518438751e+03
2.126247153681e+02 1.478893991523e+03 -7.351371669804e+03 -3.353307320527e+03 3.447886024942e+03 -5.999449062599e+03
2.606698323780e+02 1.415593687633e+03 -7.362278715545e+03 -3.418775370240e+03 3.395119991682e+03 -5.992597287631e+03
3.085933607137e+02 1.352065374968e+03 -7.372359967805e+03 -3.483876814741e+03 3.342008047917e+03 -5.984964000844e+03
3.563896276006e+02 1.288316326269e+03 -7.381614295813e+03 -3.548603707325e+03 3.288556540831e+03 -5.976550190415e+03
4.040529843558e+02 1.224353846619e+03 -7.390040661556e+03 -3.612948140774e+03 3.234771850632e+03 -5.967356945580e+03
4.515777968482e+02 1.160185276568e+03 -7.397638119885e+03 -3.676902276328e+03 3.180660357424e+03 -5.957385456496e+03
4.989584682902e+02 1.095817984584e+03 -7.404405818628e+03 -3.740458287218e+03 3.126228503487e+03 -5.946637014091e+03
5.461894280006e+02 1.031259368909e+03 -7.410342998683e+03 -3.803608389053e+03 3.071482761842e+03 -5.935113009904e+03
5.932651235587e+02 9.665168619224e+02 -7.415448994103e+03 -3.866344867324e+03 3.016429601453e+03 -5.922814935908e+03
6.401800401879e+02 9.015979200692e+02 -7.419723232171e+03 -3.928660023801e+03 2.961075552860e+03 -5.909744384322e+03
6.869286911964e+02 8.365100269655e+02 -7.423165233467e+03 -3.990546205479e+03 2.905427175044e+03 -5.895903047413e+03
7.335056118360e+02 7.712606989812e+02 -7.425774611915e+03 -4.051995830601e+03 2.849491018981e+03 -5.881292717282e+03
7.799053752497e+02 7.058574726762e+02 -7.427551074834e+03 -4.113001337963e+03 2.793273696576e+03 -5.865915285640e+03
8.261225846030e+02 6.403079091413e+02 -7.428494422967e+03 -4.173555214391e+03 2.736781845851e+03 -5.849772743568e+03
8.721518686608e+02 5.746196007899e+02 -7.428604550501e+03 -4.233650019269e+03 2.680022092896e+03 -5.832867181268e+03
9.179878957631e+02 5.088001536351e+02 -7.427881445085e+03 -4.293278329085e+03 2.623001136624e+03 -5.815200787802e+03
9.636253601980e+02 4.428572063200e+02 -7.426325187826e+03 -4.352432801911e+03 2.565725649342e+03 -5.796775850810e+03
1.009058994433e+03 3.767984111728e+02 -7.423935953283e+03 -4.411106123442e+03 2.508202363090e+03 -5.777594756234e+03
1.054283564093e+03 3.106314405796e+02 -7.420714009444e+03 -4.469291031994e+03 2.450438032116e+03 -5.757659988004e+03
1.099293866425e+03 2.443639957598e+02 -7.416659717701e+03 -4.526980340470e+03 2.392439392231e+03 -5.736974127737e+03
1.144084736951e+03 1.780037876938e+02 -7.411773532805e+03 -4.584166893609e+03 2.334213238198e+03 -5.715539854407e+03
1.188651046177e+03 1.115585446984e+02 -7.406056002818e+03 -4.640843591458e+03 2.275766384620e+03 -5.693359944007e+03
1.232987699785e+03 4.503602236949e+01 -7.399507769049e+03 -4.697003409786e+03 2.217105623801e+03 -5.670437269203e+03
1.277089641783e+03 -2.155601786938e+01 -7.392129565984e+03 -4.752639360373e+03 2.158237806158e+03 -5.646774798969e+03
1.320951852934e+03 -8.820980000579e+01 -7.383922221202e+03 -4.807744512956e+03 2.099169799572e+03 -5.622375598216e+03
1.364569352700e+03 -1.549175223448e+02 -7.374886655285e+03 -4.862312014047e+03 2.039908445791e+03 -5.597242827404e+03
1.407937198851e+03 -2.216713813035e+02 -7.365023881710e+03 -4.916335050324e+03 1.980460643790e+03 -5.571379742147e+03
1.451050487642e+03 -2.884635614794e+02 -7.354335006740e+03 -4.969806869005e+03 1.920833307624e+03 -5.544789692799e+03
1.493904357500e+03 -3.552862234258e+02 -7.342821229299e+03 -5.022720795079e+03 1.861033321414e+03 -5.517476124034e+03
1.536493985091e+03 -4.221315297488e+02 -7.330483840834e+03 -5.075070197807e+03 1.801067625571e+03 -5.489442574412e+03
1.578814587242e+03 -4.889916340243e+02 -7.317324225174e+03 -5.126848509521e+03 1.740943173197e+03 -5.460692675935e+03
1.620861426374e+03 -5.558586674606e+02 -7.303343858374e+03 -5.178049241249e+03 1.680666883697e+03 -5.431230153585e+03
1.662629803027e+03 -6.227247672578e+02 -7.288544308549e+03 -5.228665952357e+03 1.620245731785e+03 -5.401058824856e+03
1.704115059520e+03 -6.895820643913e+02 -7.272927235697e+03 -5.278692267753e+03 1.559686702465e+03 -5.370182599276e+03
1.745312587140e+03 -7.564226691828e+02 -7.256494391513e+03 -5.328121891890e+03 1.498996743328e+03 -5.338605477909e+03
1.786217815112e+03 -8.232387018781e+02 -7.239247619198e+03 -5.376948581581e+03 1.438182856243e+03 -5.306331552853e+03
1.826826216009e+03 -8.900222793169e+02 -7.221188853241e+03 -5.425166161589e+03 1.377252050970e+03 -5.273365006723e+03
1.867133314685e+03 -9.567654994347e+02 -7.202320119214e+03 -5.472768537004e+03 1.316211296183e+03 -5.239710112125e+03
1.907134670696e+03 -1.023460479608e+03 -7.182643533537e+03 -5.519749665557e+03 1.255067629949e+03 -5.205371231114e+03
1.946825900468e+03 -1.090099314254e+03 -7.162161303244e+03 -5.566103590005e+03 1.193828031051e+03 -5.170352814644e+03
1.986202657947e+03 -1.156674114241e+03 -7.140875725733e+03 -5.611824412044e+03 1.132499530730e+03 -5.134659402007e+03
