-2.710505e-20 -1.059087e-03 0.000000e+00
1.618578e-06 -1.031270e-03 3.236065e-07
4.718798e-06 -1.058255e-03 -7.597258e-08
3.853428e-06 -1.067965e-03 3.568379e-07
2.215917e-06 -1.070188e-03 8.551843e-07
8.421307e-07 -1.069423e-03 1.198530e-06
-6.415872e-08 -1.067713e-03 1.359660e-06
-5.939774e-07 -1.065948e-03 1.356006e-06
-9.182550e-07 -1.064454e-03 1.185579e-06
-1.174589e-06 -1.063239e-03 8.279838e-07
-1.373532e-06 -1.062160e-03 3.290844e-07
-1.420095e-06 -1.061131e-03 -1.518631e-07
-1.265069e-06 -1.060211e-03 -4.657317e-07
-9.633198e-07 -1.059485e-03 -5.791004e-07
-6.122233e-07 -1.058986e-03 -5.456937e-07
-2.932685e-07 -1.058690e-03 -4.431257e-07
-5.359076e-08 -1.058554e-03 -3.348681e-07
9.064353e-08 -1.058535e-03 -2.545654e-07
1.464128e-07 -1.058597e-03 -2.046471e-07
1.362288e-07 -1.058710e-03 -1.687933e-07
8.869316e-08 -1.058842e-03 -1.310327e-07
2.900780e-08 -1.058966e-03 -8.676693e-08
-2.602173e-08 -1.059065e-03 -4.117232e-08
-6.786833e-08 -1.059132e-03 -2.178681e-09
-9.383390e-08 -1.059166e-03 2.492247e-08
-1.047138e-07 -1.059175e-03 3.917804e-08
-1.033128e-07 -1.059166e-03 4.298580e-08
-9.350134e-08 -1.059147e-03 4.015374e-08
-7.941297e-08 -1.059124e-03 3.429013e-08
-3.531550e-06 -1.089199e-03 -2.568516e-06
-5.663685e-06 -1.058942e-03 2.149001e-07
-3.710082e-06 -1.048295e-03 1.289607e-06
-1.320758e-06 -1.046108e-03 1.544501e-06
4.556152e-07 -1.047261e-03 1.488854e-06
1.495008e-06 -1.049437e-03 1.350329e-06
1.962351e-06 -1.051619e-03 1.204990e-06
2.064540e-06 -1.053391e-03 1.029732e-06
1.940779e-06 -1.054652e-03 7.111073e-07
1.621500e-06 -1.055572e-03 1.481157e-07
1.129980e-06 -1.056452e-03 -4.985438e-07
5.936122e-07 -1.057379e-03 -9.121975e-07
1.474856e-07 -1.058224e-03 -9.801156e-07
-1.543292e-07 -1.058874e-03 -7.985156e-07
-3.236310e-07 -1.059301e-03 -5.154098e-07
-3.991630e-07 -1.059535e-03 -2.457200e-07
-4.187434e-07 -1.059623e-03 -5.279656e-08
-4.050010e-07 -1.059606e-03 4.661030e-08
-3.654616e-07 -1.059519e-03 7.045652e-08
-3.033383e-07 -1.059395e-03 5.262242e-08
-2.266945e-07 -1.059266e-03 2.313799e-08
-1.484108e-07 -1.059153e-03 -1.460644e-09
-8.100383e-08 -1.059070e-03 -1.642379e-08
-3.242833e-08 -1.059020e-03 -2.280114e-08
-4.873276e-09 -1.059000e-03 -2.286652e-08
4.181664e-09 -1.059001e-03 -1.838783e-08
-8.034922e-11 -1.059017e-03 -1.070871e-08
-1.183912e-08 -1.059039e-03 -1.216585e-09
-2.606101e-08 -1.059061e-03 8.552580e-09
-3.917620e-08 -1.059080e-03 1.718036e-08
-4.916769e-08 -1.059093e-03 2.369803e-08
-5.532610e-08 -1.059100e-03 2.774693e-08
-5.787667e-08 -1.059103e-03 2.951769e-08
-5.759947e-08 -1.059102e-03 2.955011e-08
-5.550069e-08 -1.059098e-03 2.850641e-08
-5.256192e-08 -1.059094e-03 2.699637e-08
-4.957770e-08 -1.059090e-03 2.548114e-08
-4.707924e-08 -1.059087e-03 2.424605e-08
-4.532991e-08 -1.059085e-03 2.341794e-08
-4.437037e-08 -1.059084e-03 2.300374e-08
-4.408855e-08 -1.059084e-03 2.293418e-08
-4.429291e-08 -1.059084e-03 2.310351e-08
-4.477443e-08 -1.059085e-03 2.340072e-08
-4.534969e-08 -1.059086e-03 2.373069e-08
-4.588413e-08 -1.059087e-03 2.402531e-08
-4.629822e-08 -1.059087e-03 2.424615e-08
-4.656186e-08 -1.059087e-03 2.438098e-08
-4.668204e-08 -1.059088e-03 2.443683e-08
-4.668842e-08 -1.059088e-03 2.443204e-08
-4.662009e-08 -1.059087e-03 2.438904e-08
-4.651539e-08 -1.059087e-03 2.432896e-08
-4.640544e-08 -1.059087e-03 2.426843e-08
-4.631129e-08 -1.059087e-03 2.421821e-08
-4.624375e-08 -1.059087e-03 2.418345e-08
-4.620518e-08 -1.059087e-03 2.416474e-08
-4.619204e-08 -1.059087e-03 2.415969e-08
-4.619761e-08 -1.059087e-03 2.416434e-08
-4.621428e-08 -1.059087e-03 2.417445e-08
-4.623522e-08 -1.059087e-03 2.418632e-08
-4.625525e-08 -1.059087e-03 2.419727e-08
-4.627121e-08 -1.059087e-03 2.420572e-08
-4.628176e-08 -1.059087e-03 2.421107e-08
-4.628698e-08 -1.059087e-03 2.421350e-08
-4.628785e-08 -1.059087e-03 2.421362e-08
-4.628575e-08 -1.059087e-03 2.421222e-08
-4.628211e-08 -1.059087e-03 2.421009e-08
-4.627811e-08 -1.059087e-03 2.420785e-08
-4.627456e-08 -1.059087e-03 2.420594e-08
-4.627193e-08 -1.059087e-03 2.420457e-08
-4.627036e-08 -1.059087e-03 2.420379e-08
-4.626973e-08 -1.059087e-03 2.420353e-08
-4.626982e-08 -1.059087e-03 2.420364e-08
-4.627037e-08 -1.059087e-03 2.420398e-08
-4.627111e-08 -1.059087e-03 2.420440e-08
-4.627185e-08 -1.059087e-03 2.420481e-08
-4.627246e-08 -1.059087e-03 2.420514e-08
-4.627288e-08 -1.059087e-03 2.420535e-08
-4.627310e-08 -1.059087e-03 2.420546e-08
-4.627316e-08 -1.059087e-03 2.420547e-08
-4.627310e-08 -1.059087e-03 2.420543e-08
-4.627298e-08 -1.059087e-03 2.420536e-08
-4.627283e-08 -1.059087e-03 2.420528e-08
-4.627270e-08 -1.059087e-03 2.420520e-08
-4.627260e-08 -1.059087e-03 2.420515e-08
-4.627253e-08 -1.059087e-03 2.420512e-08
-4.627251e-08 -1.059087e-03 2.420511e-08
-4.627251e-08 -1.059087e-03 2.420511e-08
-4.627252e-08 -1.059087e-03 2.420512e-08
-4.627255e-08 -1.059087e-03 2.420513e-08
-4.627258e-08 -1.059087e-03 2.420515e-08
-4.627260e-08 -1.059087e-03 2.420516e-08
-4.627262e-08 -1.059087e-03 2.420517e-08
-4.627262e-08 -1.059087e-03 2.420517e-08
-4.627263e-08 -1.059087e-03 2.420518e-08
-4.627263e-08 -1.059087e-03 2.420517e-08
-4.627262e-08 -1.059087e-03 2.420517e-08
-4.627262e-08 -1.059087e-03 2.420517e-08
-4.627261e-08 -1.059087e-03 2.420517e-08
-4.627261e-08 -1.059087e-03 2.420516e-08
-4.627261e-08 -1.059087e-03 2.420516e-08
-4.627260e-08 -1.059087e-03 2.420516e-08
-4.627260e-08 -1.059087e-03 2.420516e-08
-4.627260e-08 -1.059087e-03 2.420516e-08
-4.627261e-08 -1.059087e-03 2.420516e-08
-4.627261e-08 -1.059087e-03 2.420516e-08
-4.627261e-08 -1.059087e-03 2.420516e-08
-4.627261e-08 -1.059087e-03 2.420516e-08
-4.627261e-08 -1.059087e-03 2.420516e-08
-4.627261e-08 -1.059087e-03 2.420517e-08
-4.627261e-08 -1.059087e-03 2.420517e-08
-4.627261e-08 -1.059087e-03 2.420516e-08
-4.627261e-08 -1.059087e-03 2.420516e-08
-4.627261e-08 -1.059087e-03 2.420516e-08
-4.627261e-08 -1.059087e-03 2.420516e-08
-4.627261e-08 -1.059087e-03 2.420516e-08
-4.627261e-08 -1.059087e-03 2.420516e-08
-4.627261e-08 -1.059087e-03 2.420516e-08
-4.627261e-08 -1.059087e-03 2.420516e-08
-4.627261e-08 -1.059087e-03 2.420516e-08
-4.627261e-08 -1.059087e-03 2.420516e-08
-4.627261e-08 -1.059087e-03 2.420516e-08
-4.627261e-08 -1.059087e-03 2.420516e-08
-4.627261e-08 -1.059087e-03 2.420516e-08
-4.627261e-08 -1.059087e-03 2.420516e-08
-4.627261e-08 -1.059087e-03 2.420516e-08
-4.627261e-08 -1.059087e-03 2.420516e-08
-4.627261e-08 -1.059087e-03 2.420516e-08
-4.627261e-08 -1.059087e-03 2.420516e-08
-4.627261e-08 -1.059087e-03 2.420516e-08
-4.627261e-08 -1.059087e-03 2.420516e-08
-4.627261e-08 -1.059087e-03 2.420516e-08
-4.627261e-08 -1.059087e-03 2.420516e-08
-4.627261e-08 -1.059087e-03 2.420516e-08
-4.627261e-08 -1.059087e-03 2.420516e-08
-4.627261e-08 -1.059087e-03 2.420516e-08
-4.627261e-08 -1.059087e-03 2.420516e-08
-4.627261e-08 -1.059087e-03 2.420516e-08
-4.627261e-08 -1.059087e-03 2.420516e-08
-4.627261e-08 -1.059087e-03 2.420516e-08
-4.627261e-08 -1.059087e-03 2.420516e-08
-4.627261e-08 -1.059087e-03 2.420516e-08
-4.627261e-08 -1.059087e-03 2.420516e-08
-4.627261e-08 -1.059087e-03 2.420516e-08
-4.627261e-08 -1.059087e-03 2.420516e-08
-4.627261e-08 -1.059087e-03 2.420516e-08
-4.627261e-08 -1.059087e-03 2.420516e-08
-4.627261e-08 -1.059087e-03 2.420516e-08
-4.627261e-08 -1.059087e-03 2.420516e-08
-4.627261e-08 -1.059087e-03 2.420516e-08
-4.627261e-08 -1.059087e-03 2.420516e-08
-4.627261e-08 -1.059087e-03 2.420516e-08
-4.627261e-08 -1.059087e-03 2.420516e-08
-4.627261e-08 -1.059087e-03 2.420516e-08
-4.627261e-08 -1.059087e-03 2.420516e-08
-4.627261e-08 -1.059087e-03 2.420516e-08
-4.627261e-08 -1.059087e-03 2.420516e-08
-4.627261e-08 -1.059087e-03 2.420516e-08
-4.627261e-08 -1.059087e-03 2.420516e-08
-4.627261e-08 -1.059087e-03 2.420516e-08
-4.627261e-08 -1.059087e-03 2.420516e-08
-4.627261e-08 -1.059087e-03 2.420516e-08
-4.627261e-08 -1.059087e-03 2.420516e-08
-4.627261e-08 -1.059087e-03 2.420516e-08
-4.627261e-08 -1.059087e-03 2.420516e-08
-4.627261e-08 -1.059087e-03 2.420516e-08
-4.627261e-08 -1.059087e-03 2.420516e-08
-4.627261e-08 -1.059087e-03 2.420516e-08
-4.627261e-08 -1.059087e-03 2.420516e-08
-4.627261e-08 -1.059087e-03 2.420516e-08
-4.627261e-08 -1.059087e-03 2.420516e-08
-4.627261e-08 -1.059087e-03 2.420516e-08
-4.627261e-08 -1.059087e-03 2.420516e-08
-4.627261e-08 -1.059087e-03 2.420516e-08
-4.627261e-08 -1.059087e-03 2.420516e-08
-4.627261e-08 -1.059087e-03 2.420516e-08
-4.627261e-08 -1.059087e-03 2.420516e-08
-4.627261e-08 -1.059087e-03 2.420516e-08
-4.627261e-08 -1.059087e-03 2.420516e-08
-4.627261e-08 -1.059087e-03 2.420516e-08
-4.627261e-08 -1.059087e-03 2.420516e-08
-4.627261e-08 -1.059087e-03 2.420516e-08
-4.627261e-08 -1.059087e-03 2.420516e-08
-4.627261e-08 -1.059087e-03 2.420516e-08
-4.627261e-08 -1.059087e-03 2.420516e-08
-4.627261e-08 -1.059087e-03 2.420516e-08
-4.627261e-08 -1.059087e-03 2.420516e-08
-4.627261e-08 -1.059087e-03 2.420516e-08
-4.627261e-08 -1.059087e-03 2.420516e-08
-4.627261e-08 -1.059087e-03 2.420516e-08
-4.627261e-08 -1.059087e-03 2.420516e-08
-4.627261e-08 -1.059087e-03 2.420516e-08
-4.627261e-08 -1.059087e-03 2.420516e-08
-4.627261e-08 -1.059087e-03 2.420516e-08
-4.627261e-08 -1.059087e-03 2.420516e-08
-4.627261e-08 -1.059087e-03 2.420516e-08
-4.627261e-08 -1.059087e-03 2.420516e-08
-4.627261e-08 -1.059087e-03 2.420516e-08
-4.627261e-08 -1.059087e-03 2.420516e-08
-4.627261e-08 -1.059087e-03 2.420516e-08
-4.627261e-08 -1.059087e-03 2.420516e-08
-4.627261e-08 -1.059087e-03 2.420516e-08
-4.627261e-08 -1.059087e-03 2.420516e-08
-4.627261e-08 -1.059087e-03 2.420516e-08
-4.627261e-08 -1.059087e-03 2.420516e-08
-4.627261e-08 -1.059087e-03 2.420516e-08
-4.627261e-08 -1.059087e-03 2.420516e-08
-4.627261e-08 -1.059087e-03 2.420516e-08
-4.627261e-08 -1.059087e-03 2.420516e-08
-4.627261e-08 -1.059087e-03 2.420516e-08
-4.627261e-08 -1.059087e-03 2.420516e-08
-4.627261e-08 -1.059087e-03 2.420516e-08
-4.627261e-08 -1.059087e-03 2.420516e-08
-4.627261e-08 -1.059087e-03 2.420516e-08
-4.627261e-08 -1.059087e-03 2.420516e-08
-4.627261e-08 -1.059087e-03 2.420516e-08
-4.627261e-08 -1.059087e-03 2.420516e-08
-4.627261e-08 -1.059087e-03 2.420516e-08
-4.627261e-08 -1.059087e-03 2.420516e-08
-4.627261e-08 -1.059087e-03 2.420516e-08
-4.627261e-08 -1.059087e-03 2.420516e-08
-4.627261e-08 -1.059087e-03 2.420516e-08
-4.627261e-08 -1.059087e-03 2.420516e-08
-4.627261e-08 -1.059087e-03 2.420516e-08
-4.627261e-08 -1.059087e-03 2.420516e-08
-4.627261e-08 -1.059087e-03 2.420516e-08
-4.627261e-08 -1.059087e-03 2.420516e-08
-4.627261e-08 -1.059087e-03 2.420516e-08
-4.627261e-08 -1.059087e-03 2.420516e-08
-4.627261e-08 -1.059087e-03 2.420516e-08
-4.627261e-08 -1.059087e-03 2.420516e-08
-4.627261e-08 -1.059087e-03 2.420516e-08
-4.627261e-08 -1.059087e-03 2.420516e-08
-4.627261e-08 -1.059087e-03 2.420516e-08
-4.627261e-08 -1.059087e-03 2.420516e-08
-4.627261e-08 -1.059087e-03 2.420516e-08
-4.627261e-08 -1.059087e-03 2.420516e-08
-4.627261e-08 -1.059087e-03 2.420516e-08
-4.627261e-08 -1.059087e-03 2.420516e-08
-4.627261e-08 -1.059087e-03 2.420516e-08
-4.627261e-08 -1.059087e-03 2.420516e-08
-4.627261e-08 -1.059087e-03 2.420516e-08
-4.627261e-08 -1.059087e-03 2.420516e-08
-4.627261e-08 -1.059087e-03 2.420516e-08
-4.627261e-08 -1.059087e-03 2.420516e-08
-4.627261e-08 -1.059087e-03 2.420516e-08
-4.627261e-08 -1.059087e-03 2.420516e-08
-4.627261e-08 -1.059087e-03 2.420516e-08
-4.627261e-08 -1.059087e-03 2.420516e-08
-4.627261e-08 -1.059087e-03 2.420516e-08
-4.627261e-08 -1.059087e-03 2.420516e-08
-4.627261e-08 -1.059087e-03 2.420516e-08
-4.627261e-08 -1.059087e-03 2.420516e-08
-4.627261e-08 -1.059087e-03 2.420516e-08
-4.627261e-08 -1.059087e-03 2.420516e-08
-4.627261e-08 -1.059087e-03 2.420516e-08
-4.627261e-08 -1.059087e-03 2.420516e-08
-4.627261e-08 -1.059087e-03 2.420516e-08
-4.627261e-08 -1.059087e-03 2.420516e-08
-4.627261e-08 -1.059087e-03 2.420516e-08
-4.627261e-08 -1.059087e-03 2.420516e-08
-4.627261e-08 -1.059087e-03 2.420516e-08
-4.627261e-08 -1.059087e-03 2.420516e-08
-4.627261e-08 -1.059087e-03 2.420516e-08
-4.627261e-08 -1.059087e-03 2.420516e-08
-4.627261e-08 -1.059087e-03 2.420516e-08
-4.627261e-08 -1.059087e-03 2.420516e-08
-4.627261e-08 -1.059087e-03 2.420516e-08
-4.627261e-08 -1.059087e-03 2.420516e-08
-4.627261e-08 -1.059087e-03 2.420516e-08
-4.627261e-08 -1.059087e-03 2.420516e-08
-4.627261e-08 -1.059087e-03 2.420516e-08
-4.627261e-08 -1.059087e-03 2.420516e-08
-4.627261e-08 -1.059087e-03 2.420516e-08
-4.627261e-08 -1.059087e-03 2.420516e-08
-4.627261e-08 -1.059087e-03 2.420516e-08
-4.627261e-08 -1.059087e-03 2.420516e-08
-4.627261e-08 -1.059087e-03 2.420516e-08
-4.627261e-08 -1.059087e-03 2.420516e-08
-4.627261e-08 -1.059087e-03 2.420516e-08
-4.627261e-08 -1.059087e-03 2.420516e-08
-4.627261e-08 -1.059087e-03 2.420516e-08
-4.627261e-08 -1.059087e-03 2.420516e-08
-4.627261e-08 -1.059087e-03 2.420516e-08
-4.627261e-08 -1.059087e-03 2.420516e-08
-4.627261e-08 -1.059087e-03 2.420516e-08
-4.627261e-08 -1.059087e-03 2.420516e-08
-4.627261e-08 -1.059087e-03 2.420516e-08
-4.627261e-08 -1.059087e-03 2.420516e-08
-4.627261e-08 -1.059087e-03 2.420516e-08
-4.627261e-08 -1.059087e-03 2.420516e-08
-4.627261e-08 -1.059087e-03 2.420516e-08
-4.627261e-08 -1.059087e-03 2.420516e-08
-4.627261e-08 -1.059087e-03 2.420516e-08
-4.627261e-08 -1.059087e-03 2.420516e-08
-4.627261e-08 -1.059087e-03 2.420516e-08
