 6.355434e-01 -3.099752e-01  5.862181e-01  3.954091e-01  0.000000e+00 -1.518093e-01 -1.046280e-01 -1.575187e-02 
 6.384897e-01 -3.119841e-01  5.829954e-01  3.938441e-01 -7.969489e-02 -1.520388e-01 -1.042719e-01 -1.589934e-02 
 6.415398e-01 -3.140304e-01  5.796513e-01  3.921938e-01 -1.669574e-01 -1.522694e-01 -1.039124e-01 -1.604540e-02 
 6.446231e-01 -3.161000e-01  5.762372e-01  3.905030e-01 -2.542224e-01 -1.525034e-01 -1.035463e-01 -1.618957e-02 
 6.477001e-01 -3.181768e-01  5.727880e-01  3.887956e-01 -3.414886e-01 -1.527401e-01 -1.031745e-01 -1.633064e-02 
 6.507563e-01 -3.202513e-01  5.693192e-01  3.870801e-01 -4.287551e-01 -1.529788e-01 -1.027985e-01 -1.646773e-02 
 6.537875e-01 -3.223181e-01  5.658372e-01  3.853586e-01 -5.160219e-01 -1.532183e-01 -1.024197e-01 -1.660026e-02 
 6.567935e-01 -3.243745e-01  5.623438e-01  3.836312e-01 -6.032886e-01 -1.534584e-01 -1.020388e-01 -1.672788e-02 
 6.597756e-01 -3.264194e-01  5.588391e-01  3.818971e-01 -6.905553e-01 -1.536985e-01 -1.016565e-01 -1.685033e-02 
 6.627351e-01 -3.284525e-01  5.553220e-01  3.801560e-01 -7.778219e-01 -1.539387e-01 -1.012728e-01 -1.696735e-02 
 6.656731e-01 -3.304733e-01  5.517918e-01  3.784080e-01 -8.650885e-01 -1.541790e-01 -1.008879e-01 -1.707863e-02 
 6.685899e-01 -3.324814e-01  5.482483e-01  3.766530e-01 -9.523551e-01 -1.544191e-01 -1.005020e-01 -1.718408e-02 
 6.714860e-01 -3.344769e-01  5.446920e-01  3.748899e-01 -1.039622e+00 -1.546590e-01 -1.001153e-01 -1.728393e-02 
 6.743617e-01 -3.364600e-01  5.411232e-01  3.731174e-01 -1.126888e+00 -1.548984e-01 -9.972811e-02 -1.737860e-02 
 6.772176e-01 -3.384316e-01  5.375418e-01  3.713345e-01 -1.214155e+00 -1.551372e-01 -9.934043e-02 -1.746847e-02 
 6.800539e-01 -3.403922e-01  5.339473e-01  3.695404e-01 -1.301421e+00 -1.553755e-01 -9.895223e-02 -1.755376e-02 
 6.828709e-01 -3.423426e-01  5.303393e-01  3.677351e-01 -1.388688e+00 -1.556133e-01 -9.856339e-02 -1.763454e-02 
 6.856688e-01 -3.442830e-01  5.267172e-01  3.659188e-01 -1.475954e+00 -1.558507e-01 -9.817376e-02 -1.771078e-02 
 6.884476e-01 -3.462138e-01  5.230805e-01  3.640916e-01 -1.563221e+00 -1.560879e-01 -9.778323e-02 -1.778238e-02 
 6.912073e-01 -3.481351e-01  5.194290e-01  3.622539e-01 -1.650487e+00 -1.563249e-01 -9.739170e-02 -1.784928e-02 
 6.939479e-01 -3.500472e-01  5.157625e-01  3.604058e-01 -1.737754e+00 -1.565617e-01 -9.699913e-02 -1.791143e-02 
 6.966692e-01 -3.519499e-01  5.120810e-01  3.585475e-01 -1.825020e+00 -1.567983e-01 -9.660552e-02 -1.796884e-02 
 6.993710e-01 -3.538433e-01  5.083848e-01  3.566791e-01 -1.912287e+00 -1.570347e-01 -9.621092e-02 -1.802148e-02 
 7.020533e-01 -3.557271e-01  5.046741e-01  3.548005e-01 -1.999553e+00 -1.572709e-01 -9.581539e-02 -1.806936e-02 
 7.047159e-01 -3.576013e-01  5.009490e-01  3.529120e-01 -2.086819e+00 -1.575067e-01 -9.541902e-02 -1.811246e-02 
 7.073588e-01 -3.594657e-01  4.972098e-01  3.510135e-01 -2.174086e+00 -1.577422e-01 -9.502188e-02 -1.815074e-02 
 7.099817e-01 -3.613199e-01  4.934566e-01  3.491052e-01 -2.261352e+00 -1.579773e-01 -9.462406e-02 -1.818419e-02 
 7.125847e-01 -3.631640e-01  4.896897e-01  3.471871e-01 -2.348619e+00 -1.582120e-01 -9.422563e-02 -1.821279e-02 
 7.151678e-01 -3.649979e-01  4.859091e-01  3.452592e-01 -2.435885e+00 -1.584462e-01 -9.382664e-02 -1.823655e-02 
 7.178836e-01 -3.669001e-01  4.819049e-01  3.432131e-01 -2.428870e+00 -1.586895e-01 -9.341177e-02 -1.825126e-02 
 7.204484e-01 -3.687429e-01  4.780399e-01  3.412633e-01 -2.418054e+00 -1.589300e-01 -9.300013e-02 -1.826043e-02 
 7.229445e-01 -3.705484e-01  4.742342e-01  3.393332e-01 -2.407467e+00 -1.591656e-01 -9.259480e-02 -1.826791e-02 
 7.254097e-01 -3.723305e-01  4.704418e-01  3.373947e-01 -2.396982e+00 -1.593974e-01 -9.219427e-02 -1.827295e-02 
 7.278580e-01 -3.740973e-01  4.666415e-01  3.354395e-01 -2.386529e+00 -1.596266e-01 -9.179646e-02 -1.827464e-02 
 7.302930e-01 -3.758532e-01  4.628242e-01  3.334670e-01 -2.376078e+00 -1.598544e-01 -9.139971e-02 -1.827226e-02 
 7.327146e-01 -3.776002e-01  4.589873e-01  3.314787e-01 -2.365613e+00 -1.600814e-01 -9.100298e-02 -1.826534e-02 
 7.351212e-01 -3.793389e-01  4.551306e-01  3.294769e-01 -2.355129e+00 -1.603079e-01 -9.060572e-02 -1.825355e-02 
 7.375113e-01 -3.810687e-01  4.512552e-01  3.274637e-01 -2.344627e+00 -1.605341e-01 -9.020782e-02 -1.823655e-02 
 7.398838e-01 -3.827886e-01  4.473623e-01  3.254411e-01 -2.334105e+00 -1.607599e-01 -8.980936e-02 -1.821384e-02 
 7.422381e-01 -3.844978e-01  4.434518e-01  3.234107e-01 -2.323560e+00 -1.609854e-01 -8.941034e-02 -1.818495e-02 
 7.445740e-01 -3.861969e-01  4.395237e-01  3.213727e-01 -2.312990e+00 -1.612108e-01 -8.901058e-02 -1.814992e-02 
 7.468907e-01 -3.878868e-01  4.355786e-01  3.193264e-01 -2.302400e+00 -1.614359e-01 -8.860997e-02 -1.810927e-02 
 7.491874e-01 -3.895682e-01  4.316179e-01  3.172710e-01 -2.291798e+00 -1.616607e-01 -8.820856e-02 -1.806359e-02 
 7.514634e-01 -3.912409e-01  4.276430e-01  3.152059e-01 -2.281191e+00 -1.618850e-01 -8.780654e-02 -1.801329e-02 
 7.537183e-01 -3.929045e-01  4.236550e-01  3.131312e-01 -2.270581e+00 -1.621087e-01 -8.740416e-02 -1.795853e-02 
 7.559519e-01 -3.945582e-01  4.196549e-01  3.110471e-01 -2.259973e+00 -1.623316e-01 -8.700167e-02 -1.789927e-02 
 7.581640e-01 -3.962015e-01  4.156431e-01  3.089539e-01 -2.249366e+00 -1.625536e-01 -8.659927e-02 -1.783543e-02 
 7.603546e-01 -3.978338e-01  4.116200e-01  3.068519e-01 -2.238761e+00 -1.627747e-01 -8.619715e-02 -1.776689e-02 
 7.625238e-01 -3.994546e-01  4.075859e-01  3.047413e-01 -2.228158e+00 -1.629948e-01 -8.579546e-02 -1.769360e-02 
 7.646714e-01 -4.010638e-01  4.035409e-01  3.026222e-01 -2.217557e+00 -1.632137e-01 -8.539431e-02 -1.761553e-02 
 7.667976e-01 -4.026613e-01  3.994851e-01  3.004946e-01 -2.206957e+00 -1.634316e-01 -8.499373e-02 -1.753272e-02 
 7.689021e-01 -4.042471e-01  3.954187e-01  2.983586e-01 -2.196360e+00 -1.636483e-01 -8.459376e-02 -1.744517e-02 
 7.709851e-01 -4.058214e-01  3.913415e-01  2.962141e-01 -2.185765e+00 -1.638639e-01 -8.419441e-02 -1.735291e-02 
 7.730465e-01 -4.073841e-01  3.872536e-01  2.940612e-01 -2.175170e+00 -1.640784e-01 -8.379566e-02 -1.725593e-02 
 7.750862e-01 -4.089353e-01  3.831549e-01  2.919000e-01 -2.164576e+00 -1.642918e-01 -8.339752e-02 -1.715423e-02 
 7.771042e-01 -4.104751e-01  3.790454e-01  2.897306e-01 -2.153982e+00 -1.645041e-01 -8.300000e-02 -1.704781e-02 
 7.791004e-01 -4.120035e-01  3.749252e-01  2.875531e-01 -2.143387e+00 -1.647152e-01 -8.260314e-02 -1.693667e-02 
 7.810747e-01 -4.135205e-01  3.707944e-01  2.853675e-01 -2.132793e+00 -1.649251e-01 -8.220696e-02 -1.682083e-02 
 7.830272e-01 -4.150259e-01  3.666531e-01  2.831738e-01 -2.122197e+00 -1.651339e-01 -8.181152e-02 -1.670030e-02 
 7.849577e-01 -4.165197e-01  3.625015e-01  2.809723e-01 -2.111602e+00 -1.653414e-01 -8.141685e-02 -1.657508e-02 
 7.868662e-01 -4.180020e-01  3.583396e-01  2.787628e-01 -2.101007e+00 -1.655477e-01 -8.102302e-02 -1.644519e-02 
 7.887526e-01 -4.194725e-01  3.541677e-01  2.765456e-01 -2.090411e+00 -1.657527e-01 -8.063007e-02 -1.631065e-02 
 7.906169e-01 -4.209313e-01  3.499858e-01  2.743206e-01 -2.079815e+00 -1.659565e-01 -8.023806e-02 -1.617148e-02 
 7.924590e-01 -4.223783e-01  3.457941e-01  2.720878e-01 -2.069220e+00 -1.661589e-01 -7.984705e-02 -1.602768e-02 
 7.942789e-01 -4.238134e-01  3.415927e-01  2.698475e-01 -2.058624e+00 -1.663600e-01 -7.945707e-02 -1.587928e-02 
 7.960765e-01 -4.252366e-01  3.373818e-01  2.675996e-01 -2.048029e+00 -1.665597e-01 -7.906816e-02 -1.572630e-02 
 7.978518e-01 -4.266479e-01  3.331615e-01  2.653442e-01 -2.037433e+00 -1.667580e-01 -7.868039e-02 -1.556875e-02 
 7.996047e-01 -4.280472e-01  3.289318e-01  2.630814e-01 -2.026838e+00 -1.669549e-01 -7.829377e-02 -1.540664e-02 
 8.013352e-01 -4.294344e-01  3.246929e-01  2.608111e-01 -2.016243e+00 -1.671504e-01 -7.790837e-02 -1.524000e-02 
 8.030433e-01 -4.308097e-01  3.204449e-01  2.585336e-01 -2.005647e+00 -1.673444e-01 -7.752421e-02 -1.506885e-02 
 8.047288e-01 -4.321728e-01  3.161879e-01  2.562488e-01 -1.995052e+00 -1.675369e-01 -7.714134e-02 -1.489320e-02 
 8.063917e-01 -4.335239e-01  3.119220e-01  2.539568e-01 -1.984457e+00 -1.677280e-01 -7.675980e-02 -1.471307e-02 
 8.080321e-01 -4.348628e-01  3.076474e-01  2.516577e-01 -1.973861e+00 -1.679175e-01 -7.637964e-02 -1.452848e-02 
 8.096497e-01 -4.361895e-01  3.033642e-01  2.493516e-01 -1.963266e+00 -1.681055e-01 -7.600090e-02 -1.433946e-02 
 8.112447e-01 -4.375040e-01  2.990724e-01  2.470384e-01 -1.952671e+00 -1.682919e-01 -7.562361e-02 -1.414602e-02 
 8.128169e-01 -4.388062e-01  2.947723e-01  2.447183e-01 -1.942075e+00 -1.684768e-01 -7.524783e-02 -1.394818e-02 
 8.143664e-01 -4.400961e-01  2.904639e-01  2.423914e-01 -1.931480e+00 -1.686600e-01 -7.487359e-02 -1.374598e-02 
 8.158930e-01 -4.413736e-01  2.861473e-01  2.400577e-01 -1.920885e+00 -1.688417e-01 -7.450094e-02 -1.353943e-02 
 8.173967e-01 -4.426388e-01  2.818228e-01  2.377172e-01 -1.910289e+00 -1.690217e-01 -7.412992e-02 -1.332855e-02 
 8.188775e-01 -4.438916e-01  2.774903e-01  2.353701e-01 -1.899694e+00 -1.692000e-01 -7.376057e-02 -1.311337e-02 
 8.203353e-01 -4.451319e-01  2.731500e-01  2.330163e-01 -1.889099e+00 -1.693766e-01 -7.339294e-02 -1.289391e-02 
 8.217702e-01 -4.463597e-01  2.688021e-01  2.306561e-01 -1.878504e+00 -1.695516e-01 -7.302705e-02 -1.267020e-02 
 8.231820e-01 -4.475750e-01  2.644466e-01  2.282893e-01 -1.867908e+00 -1.697248e-01 -7.266296e-02 -1.244226e-02 
 8.245707e-01 -4.487778e-01  2.600838e-01  2.259162e-01 -1.857313e+00 -1.698962e-01 -7.230071e-02 -1.221012e-02 
 8.259362e-01 -4.499680e-01  2.557136e-01  2.235367e-01 -1.846718e+00 -1.700660e-01 -7.194033e-02 -1.197381e-02 
 8.272787e-01 -4.511456e-01  2.513363e-01  2.211510e-01 -1.836122e+00 -1.702339e-01 -7.158187e-02 -1.173334e-02 
 8.285979e-01 -4.523105e-01  2.469519e-01  2.187590e-01 -1.825527e+00 -1.704000e-01 -7.122537e-02 -1.148875e-02 
 8.298939e-01 -4.534627e-01  2.425606e-01  2.163610e-01 -1.814932e+00 -1.705643e-01 -7.087086e-02 -1.124006e-02 
 8.311666e-01 -4.546022e-01  2.381625e-01  2.139568e-01 -1.804337e+00 -1.707268e-01 -7.051839e-02 -1.098731e-02 
 8.324160e-01 -4.557290e-01  2.337577e-01  2.115467e-01 -1.793741e+00 -1.708875e-01 -7.016800e-02 -1.073052e-02 
 8.336421e-01 -4.568430e-01  2.293464e-01  2.091306e-01 -1.783146e+00 -1.710462e-01 -6.981972e-02 -1.046972e-02 
 8.348448e-01 -4.579442e-01  2.249286e-01  2.067087e-01 -1.772551e+00 -1.712031e-01 -6.947359e-02 -1.020493e-02 
 8.360240e-01 -4.590325e-01  2.205045e-01  2.042809e-01 -1.761955e+00 -1.713580e-01 -6.912966e-02 -9.936200e-03 
 8.371799e-01 -4.601080e-01  2.160742e-01  2.018475e-01 -1.751360e+00 -1.715111e-01 -6.878796e-02 -9.663544e-03 
 8.383122e-01 -4.611706e-01  2.116379e-01  1.994084e-01 -1.740765e+00 -1.716622e-01 -6.844853e-02 -9.386997e-03 
 8.394211e-01 -4.622202e-01  2.071957e-01  1.969636e-01 -1.730170e+00 -1.718113e-01 -6.811140e-02 -9.106591e-03 
 8.405064e-01 -4.632569e-01  2.027476e-01  1.945134e-01 -1.719574e+00 -1.719585e-01 -6.777663e-02 -8.822357e-03 
 8.415682e-01 -4.642805e-01  1.982938e-01  1.920577e-01 -1.708979e+00 -1.721036e-01 -6.744423e-02 -8.534326e-03 
 8.426063e-01 -4.652912e-01  1.938345e-01  1.895966e-01 -1.698384e+00 -1.722468e-01 -6.711426e-02 -8.242531e-03 
 8.436208e-01 -4.662888e-01  1.893698e-01  1.871302e-01 -1.687789e+00 -1.723879e-01 -6.678675e-02 -7.947004e-03 
 8.446117e-01 -4.672734e-01  1.848997e-01  1.846586e-01 -1.677193e+00 -1.725270e-01 -6.646172e-02 -7.647780e-03 
 8.455789e-01 -4.682448e-01  1.804245e-01  1.821818e-01 -1.666598e+00 -1.726640e-01 -6.613924e-02 -7.344891e-03 
 8.465223e-01 -4.692031e-01  1.759442e-01  1.796998e-01 -1.656003e+00 -1.727990e-01 -6.581931e-02 -7.038371e-03 
 8.474421e-01 -4.701483e-01  1.714589e-01  1.772129e-01 -1.645408e+00 -1.729319e-01 -6.550199e-02 -6.728255e-03 
 8.483380e-01 -4.710802e-01  1.669689e-01  1.747209e-01 -1.634813e+00 -1.730627e-01 -6.518731e-02 -6.414578e-03 
 8.492102e-01 -4.719990e-01  1.624742e-01  1.722241e-01 -1.624217e+00 -1.731913e-01 -6.487531e-02 -6.097375e-03 
 8.500586e-01 -4.729045e-01  1.579749e-01  1.697224e-01 -1.613622e+00 -1.733178e-01 -6.456601e-02 -5.776680e-03 
 8.508831e-01 -4.737968e-01  1.534712e-01  1.672160e-01 -1.603027e+00 -1.734422e-01 -6.425945e-02 -5.452531e-03 
 8.516838e-01 -4.746757e-01  1.489632e-01  1.647049e-01 -1.592432e+00 -1.735645e-01 -6.395568e-02 -5.124964e-03 
 8.524605e-01 -4.755414e-01  1.444510e-01  1.621892e-01 -1.581837e+00 -1.736845e-01 -6.365471e-02 -4.794015e-03 
 8.532134e-01 -4.763937e-01  1.399347e-01  1.596689e-01 -1.571242e+00 -1.738024e-01 -6.335659e-02 -4.459721e-03 
 8.539424e-01 -4.772327e-01  1.354146e-01  1.571441e-01 -1.560646e+00 -1.739181e-01 -6.306135e-02 -4.122121e-03 
 8.546474e-01 -4.780583e-01  1.308906e-01  1.546150e-01 -1.550051e+00 -1.740315e-01 -6.276903e-02 -3.781251e-03 
 8.553284e-01 -4.788705e-01  1.263630e-01  1.520815e-01 -1.539456e+00 -1.741427e-01 -6.247964e-02 -3.437150e-03 
 8.559855e-01 -4.796692e-01  1.218318e-01  1.495437e-01 -1.528861e+00 -1.742517e-01 -6.219324e-02 -3.089857e-03 
 8.566185e-01 -4.804545e-01  1.172972e-01  1.470017e-01 -1.518266e+00 -1.743585e-01 -6.190984e-02 -2.739411e-03 
 8.572276e-01 -4.812263e-01  1.127593e-01  1.444557e-01 -1.507671e+00 -1.744630e-01 -6.162949e-02 -2.385851e-03 
 8.578126e-01 -4.819847e-01  1.082182e-01  1.419055e-01 -1.497076e+00 -1.745652e-01 -6.135221e-02 -2.029216e-03 
 8.583735e-01 -4.827295e-01  1.036742e-01  1.393514e-01 -1.486481e+00 -1.746651e-01 -6.107803e-02 -1.669547e-03 
 8.589104e-01 -4.834608e-01  9.912718e-02  1.367934e-01 -1.475885e+00 -1.747627e-01 -6.080699e-02 -1.306884e-03 
 8.594232e-01 -4.841785e-01  9.457741e-02  1.342315e-01 -1.465290e+00 -1.748581e-01 -6.053912e-02 -9.412675e-04 
 8.599119e-01 -4.848826e-01  9.002499e-02  1.316659e-01 -1.454695e+00 -1.749511e-01 -6.027443e-02 -5.727386e-04 
 8.603764e-01 -4.855732e-01  8.547005e-02  1.290966e-01 -1.444100e+00 -1.750418e-01 -6.001298e-02 -2.013388e-04 
 8.608169e-01 -4.862501e-01  8.091270e-02  1.265237e-01 -1.433505e+00 -1.751301e-01 -5.975478e-02  1.728905e-04 
 8.612332e-01 -4.869134e-01  7.635309e-02  1.239472e-01 -1.422910e+00 -1.752161e-01 -5.949986e-02  5.499071e-04 
 8.616253e-01 -4.875631e-01  7.179134e-02  1.213672e-01 -1.412315e+00 -1.752997e-01 -5.924825e-02  9.296688e-04 
 8.619933e-01 -4.881991e-01  6.722758e-02  1.187839e-01 -1.401720e+00 -1.753810e-01 -5.899998e-02  1.312133e-03 
 8.623372e-01 -4.888213e-01  6.266193e-02  1.161972e-01 -1.391125e+00 -1.754599e-01 -5.875508e-02  1.697257e-03 
 8.626568e-01 -4.894299e-01  5.809452e-02  1.136073e-01 -1.380530e+00 -1.755364e-01 -5.851358e-02  2.084997e-03 
 8.629523e-01 -4.900248e-01  5.352549e-02  1.110141e-01 -1.369935e+00 -1.756105e-01 -5.827550e-02  2.475310e-03 
 8.632235e-01 -4.906059e-01  4.895495e-02  1.084179e-01 -1.359340e+00 -1.756822e-01 -5.804087e-02  2.868153e-03 
 8.634706e-01 -4.911732e-01  4.438304e-02  1.058186e-01 -1.348745e+00 -1.757515e-01 -5.780971e-02  3.263480e-03 
 8.636934e-01 -4.917268e-01  3.980989e-02  1.032163e-01 -1.338150e+00 -1.758184e-01 -5.758205e-02  3.661248e-03 
 8.638920e-01 -4.922666e-01  3.523562e-02  1.006112e-01 -1.327555e+00 -1.758829e-01 -5.735793e-02  4.061412e-03 
 8.640664e-01 -4.927926e-01  3.066036e-02  9.800322e-02 -1.316960e+00 -1.759449e-01 -5.713735e-02  4.463928e-03 
 8.642166e-01 -4.933048e-01  2.608424e-02  9.539251e-02 -1.306365e+00 -1.760045e-01 -5.692035e-02  4.868749e-03 
 8.643425e-01 -4.938031e-01  2.150739e-02  9.277912e-02 -1.295770e+00 -1.760616e-01 -5.670695e-02  5.275832e-03 
 8.644442e-01 -4.942876e-01  1.692994e-02  9.016312e-02 -1.285175e+00 -1.761163e-01 -5.649718e-02  5.685129e-03 
 8.645216e-01 -4.947582e-01  1.235201e-02  8.754460e-02 -1.274580e+00 -1.761686e-01 -5.629105e-02  6.096595e-03 
 8.645749e-01 -4.952150e-01  7.773738e-03  8.492362e-02 -1.263985e+00 -1.762183e-01 -5.608860e-02  6.510184e-03 
 8.646038e-01 -4.956578e-01  3.195246e-03  8.230027e-02 -1.253390e+00 -1.762656e-01 -5.588984e-02  6.925850e-03 
 8.646085e-01 -4.960868e-01 -1.383335e-03  7.967460e-02 -1.242795e+00 -1.763105e-01 -5.569480e-02  7.343546e-03 
 8.645890e-01 -4.965019e-01 -5.961878e-03  7.704670e-02 -1.232201e+00 -1.763528e-01 -5.550350e-02  7.763225e-03 
 8.645452e-01 -4.969030e-01 -1.054025e-02  7.441664e-02 -1.221606e+00 -1.763927e-01 -5.531596e-02  8.184840e-03 
 8.644772e-01 -4.972902e-01 -1.511833e-02  7.178449e-02 -1.211011e+00 -1.764300e-01 -5.513219e-02  8.608343e-03 
 8.643850e-01 -4.976635e-01 -1.969599e-02  6.915033e-02 -1.200416e+00 -1.764649e-01 -5.495223e-02  9.033688e-03 
 8.642685e-01 -4.980228e-01 -2.427309e-02  6.651423e-02 -1.189821e+00 -1.764973e-01 -5.477609e-02  9.460827e-03 
 8.641277e-01 -4.983681e-01 -2.884952e-02  6.387627e-02 -1.179226e+00 -1.765271e-01 -5.460380e-02  9.889710e-03 
 8.639628e-01 -4.986995e-01 -3.342513e-02  6.123651e-02 -1.168631e+00 -1.765545e-01 -5.443536e-02  1.032029e-02 
 8.637736e-01 -4.990168e-01 -3.799981e-02  5.859504e-02 -1.158037e+00 -1.765794e-01 -5.427081e-02  1.075252e-02 
 8.635602e-01 -4.993202e-01 -4.257342e-02  5.595192e-02 -1.147442e+00 -1.766017e-01 -5.411015e-02  1.118635e-02 
 8.633226e-01 -4.996096e-01 -4.714583e-02  5.330724e-02 -1.136847e+00 -1.766216e-01 -5.395341e-02  1.162174e-02 
 8.630607e-01 -4.998850e-01 -5.171693e-02  5.066106e-02 -1.126252e+00 -1.766389e-01 -5.380060e-02  1.205862e-02 
 8.627747e-01 -5.001463e-01 -5.628657e-02  4.801346e-02 -1.115657e+00 -1.766537e-01 -5.365174e-02  1.249696e-02 
 8.624645e-01 -5.003937e-01 -6.085464e-02  4.536451e-02 -1.105063e+00 -1.766660e-01 -5.350686e-02  1.293671e-02 
 8.621301e-01 -5.006270e-01 -6.542100e-02  4.271429e-02 -1.094468e+00 -1.766758e-01 -5.336595e-02  1.337781e-02 
 8.617715e-01 -5.008462e-01 -6.998553e-02  4.006288e-02 -1.083873e+00 -1.766830e-01 -5.322905e-02  1.382022e-02 
 8.613887e-01 -5.010514e-01 -7.454809e-02  3.741034e-02 -1.073278e+00 -1.766877e-01 -5.309616e-02  1.426388e-02 
 8.609818e-01 -5.012426e-01 -7.910856e-02  3.475675e-02 -1.062684e+00 -1.766899e-01 -5.296730e-02  1.470876e-02 
 8.605507e-01 -5.014197e-01 -8.366682e-02  3.210218e-02 -1.052089e+00 -1.766896e-01 -5.284248e-02  1.515478e-02 
 8.600956e-01 -5.015828e-01 -8.822272e-02  2.944672e-02 -1.041494e+00 -1.766868e-01 -5.272173e-02  1.560192e-02 
 8.596163e-01 -5.017317e-01 -9.277616e-02  2.679043e-02 -1.030900e+00 -1.766814e-01 -5.260504e-02  1.605011e-02 
 8.591129e-01 -5.018667e-01 -9.732699e-02  2.413339e-02 -1.020305e+00 -1.766735e-01 -5.249244e-02  1.649931e-02 
 8.585854e-01 -5.019875e-01 -1.018751e-01  2.147567e-02 -1.009710e+00 -1.766631e-01 -5.238394e-02  1.694947e-02 
 8.580338e-01 -5.020943e-01 -1.064203e-01  1.881735e-02 -9.991155e-01 -1.766502e-01 -5.227955e-02  1.740053e-02 
 8.574581e-01 -5.021870e-01 -1.109626e-01  1.615850e-02 -9.885209e-01 -1.766347e-01 -5.217928e-02  1.785244e-02 
 8.568585e-01 -5.022656e-01 -1.155018e-01  1.349920e-02 -9.779262e-01 -1.766168e-01 -5.208315e-02  1.830516e-02 
 8.562348e-01 -5.023301e-01 -1.200377e-01  1.083952e-02 -9.673316e-01 -1.765963e-01 -5.199115e-02  1.875863e-02 
 8.555870e-01 -5.023805e-01 -1.245702e-01  8.179542e-03 -9.567370e-01 -1.765733e-01 -5.190331e-02  1.921281e-02 
 8.549153e-01 -5.024169e-01 -1.290993e-01  5.519329e-03 -9.461424e-01 -1.765478e-01 -5.181964e-02  1.966764e-02 
 8.542196e-01 -5.024391e-01 -1.336247e-01  2.858962e-03 -9.355478e-01 -1.765198e-01 -5.174014e-02  2.012307e-02 
 8.535000e-01 -5.024473e-01 -1.381464e-01  1.985144e-04 -9.249532e-01 -1.764893e-01 -5.166482e-02  2.057904e-02 
 8.527564e-01 -5.024414e-01 -1.426642e-01 -2.461939e-03 -9.143586e-01 -1.764563e-01 -5.159369e-02  2.103552e-02 
 8.519890e-01 -5.024213e-01 -1.471780e-01 -5.122323e-03 -9.037640e-01 -1.764208e-01 -5.152676e-02  2.149245e-02 
 8.511976e-01 -5.023872e-01 -1.516877e-01 -7.782563e-03 -8.931695e-01 -1.763828e-01 -5.146403e-02  2.194977e-02 
 8.503823e-01 -5.023391e-01 -1.561931e-01 -1.044258e-02 -8.825750e-01 -1.763423e-01 -5.140552e-02  2.240743e-02 
 8.495433e-01 -5.022768e-01 -1.606942e-01 -1.310231e-02 -8.719804e-01 -1.762993e-01 -5.135123e-02  2.286539e-02 
 8.486803e-01 -5.022004e-01 -1.651907e-01 -1.576168e-02 -8.613859e-01 -1.762538e-01 -5.130117e-02  2.332359e-02 
 8.477936e-01 -5.021100e-01 -1.696826e-01 -1.842060e-02 -8.507914e-01 -1.762059e-01 -5.125533e-02  2.378198e-02 
 8.468832e-01 -5.020055e-01 -1.741698e-01 -2.107900e-02 -8.401969e-01 -1.761555e-01 -5.121374e-02  2.424051e-02 
 8.459489e-01 -5.018869e-01 -1.786521e-01 -2.373681e-02 -8.296024e-01 -1.761027e-01 -5.117638e-02  2.469913e-02 
 8.449910e-01 -5.017542e-01 -1.831293e-01 -2.639396e-02 -8.190080e-01 -1.760473e-01 -5.114327e-02  2.515778e-02 
 8.440093e-01 -5.016074e-01 -1.876014e-01 -2.905036e-02 -8.084135e-01 -1.759896e-01 -5.111441e-02  2.561642e-02 
 8.430040e-01 -5.014466e-01 -1.920683e-01 -3.170596e-02 -7.978191e-01 -1.759294e-01 -5.108980e-02  2.607500e-02 
 8.419751e-01 -5.012718e-01 -1.965298e-01 -3.436066e-02 -7.872246e-01 -1.758667e-01 -5.106944e-02  2.653345e-02 
 8.409225e-01 -5.010828e-01 -2.009858e-01 -3.701440e-02 -7.766302e-01 -1.758016e-01 -5.105335e-02  2.699174e-02 
 8.398464e-01 -5.008799e-01 -2.054361e-01 -3.966710e-02 -7.660358e-01 -1.757341e-01 -5.104151e-02  2.744980e-02 
 8.387467e-01 -5.006628e-01 -2.098807e-01 -4.231869e-02 -7.554414e-01 -1.756642e-01 -5.103393e-02  2.790760e-02 
 8.376234e-01 -5.004318e-01 -2.143193e-01 -4.496909e-02 -7.448470e-01 -1.755919e-01 -5.103062e-02  2.836506e-02 
 8.364767e-01 -5.001867e-01 -2.187520e-01 -4.761823e-02 -7.342526e-01 -1.755172e-01 -5.103156e-02  2.882216e-02 
 8.353066e-01 -4.999276e-01 -2.231786e-01 -5.026604e-02 -7.236583e-01 -1.754401e-01 -5.103677e-02  2.927883e-02 
 8.341130e-01 -4.996544e-01 -2.275988e-01 -5.291243e-02 -7.130639e-01 -1.753606e-01 -5.104624e-02  2.973502e-02 
 8.328960e-01 -4.993673e-01 -2.320127e-01 -5.555735e-02 -7.024696e-01 -1.752787e-01 -5.105997e-02  3.019068e-02 
 8.316557e-01 -4.990661e-01 -2.364201e-01 -5.820070e-02 -6.918753e-01 -1.751944e-01 -5.107796e-02  3.064576e-02 
 8.303920e-01 -4.987510e-01 -2.408209e-01 -6.084242e-02 -6.812810e-01 -1.751079e-01 -5.110020e-02  3.110022e-02 
 8.291051e-01 -4.984218e-01 -2.452149e-01 -6.348244e-02 -6.706867e-01 -1.750189e-01 -5.112670e-02  3.155399e-02 
 8.277949e-01 -4.980787e-01 -2.496021e-01 -6.612068e-02 -6.600924e-01 -1.749276e-01 -5.115745e-02  3.200703e-02 
 8.264615e-01 -4.977217e-01 -2.539822e-01 -6.875706e-02 -6.494981e-01 -1.748340e-01 -5.119244e-02  3.245928e-02 
 8.251050e-01 -4.973506e-01 -2.583552e-01 -7.139151e-02 -6.389038e-01 -1.747381e-01 -5.123168e-02  3.291070e-02 
 8.237253e-01 -4.969656e-01 -2.627210e-01 -7.402397e-02 -6.283096e-01 -1.746399e-01 -5.127516e-02  3.336124e-02 
 8.223224e-01 -4.965667e-01 -2.670794e-01 -7.665434e-02 -6.177153e-01 -1.745394e-01 -5.132287e-02  3.381084e-02 
 8.208966e-01 -4.961539e-01 -2.714303e-01 -7.928257e-02 -6.071211e-01 -1.744366e-01 -5.137482e-02  3.425946e-02 
 8.194477e-01 -4.957271e-01 -2.757736e-01 -8.190857e-02 -5.965269e-01 -1.743316e-01 -5.143098e-02  3.470704e-02 
 8.179758e-01 -4.952865e-01 -2.801092e-01 -8.453228e-02 -5.859327e-01 -1.742242e-01 -5.149137e-02  3.515353e-02 
 8.164810e-01 -4.948319e-01 -2.844369e-01 -8.715362e-02 -5.753385e-01 -1.741147e-01 -5.155596e-02  3.559889e-02 
 8.149633e-01 -4.943635e-01 -2.887566e-01 -8.977251e-02 -5.647443e-01 -1.740029e-01 -5.162475e-02  3.604306e-02 
 8.134228e-01 -4.938812e-01 -2.930683e-01 -9.238889e-02 -5.541502e-01 -1.738888e-01 -5.169774e-02  3.648599e-02 
 8.118594e-01 -4.933851e-01 -2.973717e-01 -9.500267e-02 -5.435560e-01 -1.737726e-01 -5.177492e-02  3.692764e-02 
 8.102733e-01 -4.928751e-01 -3.016668e-01 -9.761379e-02 -5.329619e-01 -1.736542e-01 -5.185628e-02  3.736796e-02 
 8.086644e-01 -4.923513e-01 -3.059534e-01 -1.002222e-01 -5.223677e-01 -1.735336e-01 -5.194180e-02  3.780689e-02 
 8.070329e-01 -4.918138e-01 -3.102314e-01 -1.028277e-01 -5.117736e-01 -1.734108e-01 -5.203149e-02  3.824438e-02 
 8.053788e-01 -4.912624e-01 -3.145008e-01 -1.054304e-01 -5.011795e-01 -1.732859e-01 -5.212532e-02  3.868040e-02 
 8.037020e-01 -4.906972e-01 -3.187613e-01 -1.080302e-01 -4.905854e-01 -1.731588e-01 -5.222329e-02  3.911488e-02 
 8.020028e-01 -4.901183e-01 -3.230129e-01 -1.106269e-01 -4.799913e-01 -1.730296e-01 -5.232539e-02  3.954778e-02 
 8.002810e-01 -4.895256e-01 -3.272554e-01 -1.132205e-01 -4.693972e-01 -1.728983e-01 -5.243161e-02  3.997905e-02 
 7.985368e-01 -4.889192e-01 -3.314888e-01 -1.158109e-01 -4.588032e-01 -1.727649e-01 -5.254193e-02  4.040864e-02 
 7.967702e-01 -4.882991e-01 -3.357129e-01 -1.183981e-01 -4.482091e-01 -1.726294e-01 -5.265635e-02  4.083651e-02 
 7.949812e-01 -4.876653e-01 -3.399275e-01 -1.209819e-01 -4.376151e-01 -1.724918e-01 -5.277484e-02  4.126260e-02 
 7.931700e-01 -4.870179e-01 -3.441326e-01 -1.235624e-01 -4.270211e-01 -1.723522e-01 -5.289740e-02  4.168688e-02 
 7.913365e-01 -4.863567e-01 -3.483281e-01 -1.261394e-01 -4.164271e-01 -1.722106e-01 -5.302402e-02  4.210928e-02 
 7.894809e-01 -4.856820e-01 -3.525138e-01 -1.287129e-01 -4.058331e-01 -1.720669e-01 -5.315467e-02  4.252977e-02 
 7.876031e-01 -4.849936e-01 -3.566896e-01 -1.312827e-01 -3.952391e-01 -1.719212e-01 -5.328934e-02  4.294829e-02 
 7.857032e-01 -4.842916e-01 -3.608554e-01 -1.338489e-01 -3.846451e-01 -1.717736e-01 -5.342802e-02  4.336481e-02 
 7.837813e-01 -4.835760e-01 -3.650111e-01 -1.364113e-01 -3.740511e-01 -1.716239e-01 -5.357070e-02  4.377926e-02 
 7.818374e-01 -4.828469e-01 -3.691565e-01 -1.389699e-01 -3.634572e-01 -1.714723e-01 -5.371735e-02  4.419162e-02 
 7.798715e-01 -4.821043e-01 -3.732916e-01 -1.415246e-01 -3.528633e-01 -1.713188e-01 -5.386796e-02  4.460182e-02 
 7.778838e-01 -4.813481e-01 -3.774163e-01 -1.440753e-01 -3.422693e-01 -1.711634e-01 -5.402252e-02  4.500982e-02 
 7.758743e-01 -4.805784e-01 -3.815303e-01 -1.466220e-01 -3.316754e-01 -1.710060e-01 -5.418100e-02  4.541559e-02 
 7.738431e-01 -4.797952e-01 -3.856337e-01 -1.491646e-01 -3.210815e-01 -1.708468e-01 -5.434339e-02  4.581907e-02 
 7.717901e-01 -4.789986e-01 -3.897262e-01 -1.517030e-01 -3.104876e-01 -1.706857e-01 -5.450967e-02  4.622021e-02 
 7.697155e-01 -4.781886e-01 -3.938078e-01 -1.542372e-01 -2.998937e-01 -1.705227e-01 -5.467982e-02  4.661898e-02 
 7.676193e-01 -4.773651e-01 -3.978784e-01 -1.567670e-01 -2.892999e-01 -1.703580e-01 -5.485383e-02  4.701532e-02 
 7.655016e-01 -4.765283e-01 -4.019378e-01 -1.592924e-01 -2.787060e-01 -1.701914e-01 -5.503167e-02  4.740920e-02 
 7.633624e-01 -4.756781e-01 -4.059859e-01 -1.618133e-01 -2.681122e-01 -1.700230e-01 -5.521332e-02  4.780057e-02 
 7.612018e-01 -4.748146e-01 -4.100227e-01 -1.643298e-01 -2.575183e-01 -1.698528e-01 -5.539876e-02  4.818938e-02 
 7.590199e-01 -4.739377e-01 -4.140479e-01 -1.668416e-01 -2.469245e-01 -1.696809e-01 -5.558798e-02  4.857560e-02 
 7.568167e-01 -4.730476e-01 -4.180616e-01 -1.693487e-01 -2.363307e-01 -1.695072e-01 -5.578094e-02  4.895917e-02 
 7.545923e-01 -4.721442e-01 -4.220635e-01 -1.718511e-01 -2.257369e-01 -1.693319e-01 -5.597764e-02  4.934006e-02 
 7.523467e-01 -4.712275e-01 -4.260536e-01 -1.743486e-01 -2.151431e-01 -1.691548e-01 -5.617804e-02  4.971822e-02 
 7.500800e-01 -4.702976e-01 -4.300317e-01 -1.768413e-01 -2.045493e-01 -1.689760e-01 -5.638212e-02  5.009361e-02 
 7.477922e-01 -4.693546e-01 -4.339978e-01 -1.793290e-01 -1.939555e-01 -1.687956e-01 -5.658987e-02  5.046619e-02 
 7.454836e-01 -4.683984e-01 -4.379517e-01 -1.818117e-01 -1.833618e-01 -1.686136e-01 -5.680126e-02  5.083591e-02 
 7.431540e-01 -4.674290e-01 -4.418934e-01 -1.842893e-01 -1.727680e-01 -1.684299e-01 -5.701626e-02  5.120274e-02 
 7.408035e-01 -4.664466e-01 -4.458226e-01 -1.867617e-01 -1.621743e-01 -1.682447e-01 -5.723485e-02  5.156663e-02 
 7.384323e-01 -4.654511e-01 -4.497394e-01 -1.892289e-01 -1.515806e-01 -1.680578e-01 -5.745701e-02  5.192755e-02 
 7.360404e-01 -4.644425e-01 -4.536435e-01 -1.916908e-01 -1.409869e-01 -1.678695e-01 -5.768270e-02  5.228545e-02 
 7.336278e-01 -4.634209e-01 -4.575349e-01 -1.941473e-01 -1.303932e-01 -1.676795e-01 -5.791192e-02  5.264029e-02 
 7.311947e-01 -4.623863e-01 -4.614135e-01 -1.965983e-01 -1.197995e-01 -1.674881e-01 -5.814462e-02  5.299203e-02 
 7.287410e-01 -4.613387e-01 -4.652791e-01 -1.990439e-01 -1.092058e-01 -1.672952e-01 -5.838079e-02  5.334064e-02 
 7.262670e-01 -4.602782e-01 -4.691317e-01 -2.014838e-01 -9.861213e-02 -1.671008e-01 -5.862039e-02  5.368607e-02 
 7.237725e-01 -4.592048e-01 -4.729711e-01 -2.039181e-01 -8.801847e-02 -1.669049e-01 -5.886340e-02  5.402828e-02 
 7.212578e-01 -4.581185e-01 -4.767973e-01 -2.063467e-01 -7.742483e-02 -1.667077e-01 -5.910980e-02  5.436724e-02 
 7.187229e-01 -4.570193e-01 -4.806101e-01 -2.087696e-01 -6.683119e-02 -1.665090e-01 -5.935956e-02  5.470291e-02 
 7.161677e-01 -4.559074e-01 -4.844094e-01 -2.111865e-01 -5.623756e-02 -1.663090e-01 -5.961264e-02  5.503525e-02 
 7.135925e-01 -4.547826e-01 -4.881952e-01 -2.135975e-01 -4.564394e-02 -1.661076e-01 -5.986902e-02  5.536423e-02 
 7.109973e-01 -4.536452e-01 -4.919672e-01 -2.160026e-01 -3.505034e-02 -1.659048e-01 -6.012867e-02  5.568980e-02 
 7.083822e-01 -4.524949e-01 -4.957255e-01 -2.184016e-01 -2.445674e-02 -1.657007e-01 -6.039156e-02  5.601193e-02 
 7.057472e-01 -4.513320e-01 -4.994698e-01 -2.207944e-01 -1.386316e-02 -1.654954e-01 -6.065766e-02  5.633058e-02 
 7.030924e-01 -4.501565e-01 -5.032002e-01 -2.231811e-01 -3.269581e-03 -1.652888e-01 -6.092695e-02  5.664573e-02 
 7.004179e-01 -4.489683e-01 -5.069164e-01 -2.255615e-01  7.323984e-03 -1.650809e-01 -6.119939e-02  5.695733e-02 
 6.977237e-01 -4.477675e-01 -5.106184e-01 -2.279356e-01  1.791754e-02 -1.648718e-01 -6.147494e-02  5.726534e-02 
 6.950100e-01 -4.465542e-01 -5.143061e-01 -2.303033e-01  2.851109e-02 -1.646616e-01 -6.175359e-02  5.756974e-02 
 6.922768e-01 -4.453284e-01 -5.179794e-01 -2.326645e-01  3.910462e-02 -1.644501e-01 -6.203530e-02  5.787049e-02 
 6.895242e-01 -4.440900e-01 -5.216382e-01 -2.350192e-01  4.969815e-02 -1.642375e-01 -6.232004e-02  5.816755e-02 
 6.867522e-01 -4.428393e-01 -5.252823e-01 -2.373673e-01  6.029166e-02 -1.640238e-01 -6.260777e-02  5.846090e-02 
 6.839610e-01 -4.415761e-01 -5.289117e-01 -2.397088e-01  7.088517e-02 -1.638090e-01 -6.289846e-02  5.875050e-02 
 6.811506e-01 -4.403005e-01 -5.325263e-01 -2.420436e-01  8.147867e-02 -1.635931e-01 -6.319209e-02  5.903631e-02 
 6.783211e-01 -4.390125e-01 -5.361259e-01 -2.443715e-01  9.207216e-02 -1.633761e-01 -6.348861e-02  5.931831e-02 
 6.754726e-01 -4.377123e-01 -5.397105e-01 -2.466926e-01  1.026656e-01 -1.631581e-01 -6.378799e-02  5.959646e-02 
 6.726052e-01 -4.363998e-01 -5.432800e-01 -2.490068e-01  1.132591e-01 -1.629391e-01 -6.409021e-02  5.987073e-02 
 6.697189e-01 -4.350750e-01 -5.468342e-01 -2.513140e-01  1.238526e-01 -1.627191e-01 -6.439523e-02  6.014110e-02 
 6.668138e-01 -4.337381e-01 -5.503731e-01 -2.536142e-01  1.344460e-01 -1.624982e-01 -6.470300e-02  6.040752e-02 
 6.638900e-01 -4.323889e-01 -5.538966e-01 -2.559072e-01  1.450395e-01 -1.622763e-01 -6.501351e-02  6.066998e-02 
 6.609475e-01 -4.310277e-01 -5.574045e-01 -2.581931e-01  1.556329e-01 -1.620536e-01 -6.532671e-02  6.092844e-02 
 6.579866e-01 -4.296544e-01 -5.608968e-01 -2.604717e-01  1.662263e-01 -1.618299e-01 -6.564256e-02  6.118287e-02 
 6.550072e-01 -4.282690e-01 -5.643734e-01 -2.627430e-01  1.768197e-01 -1.616054e-01 -6.596104e-02  6.143324e-02 
 6.520094e-01 -4.268716e-01 -5.678342e-01 -2.650070e-01  1.874131e-01 -1.613801e-01 -6.628211e-02  6.167954e-02 
 6.489934e-01 -4.254622e-01 -5.712790e-01 -2.672635e-01  1.980065e-01 -1.611539e-01 -6.660573e-02  6.192172e-02 
 6.459592e-01 -4.240409e-01 -5.747078e-01 -2.695125e-01  2.085999e-01 -1.609270e-01 -6.693186e-02  6.215976e-02 
 6.429068e-01 -4.226078e-01 -5.781205e-01 -2.717540e-01  2.191933e-01 -1.606993e-01 -6.726047e-02  6.239363e-02 
 6.398364e-01 -4.211627e-01 -5.815170e-01 -2.739879e-01  2.297867e-01 -1.604709e-01 -6.759152e-02  6.262332e-02 
 6.367481e-01 -4.197059e-01 -5.848971e-01 -2.762140e-01  2.403800e-01 -1.602418e-01 -6.792498e-02  6.284878e-02 
 6.336419e-01 -4.182373e-01 -5.882609e-01 -2.784325e-01  2.509734e-01 -1.600120e-01 -6.826080e-02  6.307001e-02 
 6.305179e-01 -4.167569e-01 -5.916082e-01 -2.806431e-01  2.615668e-01 -1.597816e-01 -6.859896e-02  6.328697e-02 
 6.273763e-01 -4.152649e-01 -5.949389e-01 -2.828458e-01  2.721601e-01 -1.595505e-01 -6.893940e-02  6.349963e-02 
 6.242171e-01 -4.137613e-01 -5.982529e-01 -2.850406e-01  2.827534e-01 -1.593189e-01 -6.928210e-02  6.370798e-02 
 6.210403e-01 -4.122460e-01 -6.015501e-01 -2.872275e-01  2.933468e-01 -1.590866e-01 -6.962701e-02  6.391199e-02 
 6.178462e-01 -4.107192e-01 -6.048305e-01 -2.894062e-01  3.039401e-01 -1.588538e-01 -6.997409e-02  6.411164e-02 
 6.146347e-01 -4.091808e-01 -6.080939e-01 -2.915769e-01  3.145334e-01 -1.586205e-01 -7.032332e-02  6.430690e-02 
 6.114060e-01 -4.076310e-01 -6.113402e-01 -2.937394e-01  3.251267e-01 -1.583867e-01 -7.067464e-02  6.449776e-02 
 6.081602e-01 -4.060697e-01 -6.145694e-01 -2.958936e-01  3.357200e-01 -1.581524e-01 -7.102802e-02  6.468419e-02 
 6.048973e-01 -4.044971e-01 -6.177814e-01 -2.980395e-01  3.463133e-01 -1.579177e-01 -7.138342e-02  6.486617e-02 
 6.016174e-01 -4.029131e-01 -6.209760e-01 -3.001771e-01  3.569065e-01 -1.576826e-01 -7.174080e-02  6.504368e-02 
 5.983207e-01 -4.013178e-01 -6.241533e-01 -3.023063e-01  3.674998e-01 -1.574470e-01 -7.210011e-02  6.521671e-02 
 5.950072e-01 -3.997113e-01 -6.273130e-01 -3.044270e-01  3.780931e-01 -1.572111e-01 -7.246133e-02  6.538522e-02 
 5.916770e-01 -3.980935e-01 -6.304551e-01 -3.065391e-01  3.886863e-01 -1.569749e-01 -7.282440e-02  6.554921e-02 
 5.883302e-01 -3.964646e-01 -6.335796e-01 -3.086427e-01  3.992796e-01 -1.567384e-01 -7.318929e-02  6.570865e-02 
 5.849669e-01 -3.948246e-01 -6.366863e-01 -3.107376e-01  4.098729e-01 -1.565015e-01 -7.355596e-02  6.586353e-02 
 5.815872e-01 -3.931735e-01 -6.397751e-01 -3.128238e-01  4.204661e-01 -1.562644e-01 -7.392436e-02  6.601383e-02 
 5.781912e-01 -3.915114e-01 -6.428460e-01 -3.149012e-01  4.310593e-01 -1.560271e-01 -7.429446e-02  6.615953e-02 
 5.747790e-01 -3.898383e-01 -6.458989e-01 -3.169698e-01  4.416526e-01 -1.557896e-01 -7.466620e-02  6.630062e-02 
 5.713506e-01 -3.881543e-01 -6.489337e-01 -3.190295e-01  4.522458e-01 -1.555519e-01 -7.503956e-02  6.643708e-02 
 5.679063e-01 -3.864594e-01 -6.519502e-01 -3.210802e-01  4.628390e-01 -1.553140e-01 -7.541449e-02  6.656889e-02 
 5.644460e-01 -3.847536e-01 -6.549485e-01 -3.231220e-01  4.734322e-01 -1.550761e-01 -7.579094e-02  6.669604e-02 
 5.609699e-01 -3.830371e-01 -6.579284e-01 -3.251547e-01  4.840254e-01 -1.548380e-01 -7.616888e-02  6.681852e-02 
 5.574781e-01 -3.813098e-01 -6.608899e-01 -3.271782e-01  4.946186e-01 -1.545998e-01 -7.654826e-02  6.693631e-02 
 5.539706e-01 -3.795718e-01 -6.638328e-01 -3.291926e-01  5.052118e-01 -1.543616e-01 -7.692904e-02  6.704939e-02 
 5.504476e-01 -3.778232e-01 -6.667572e-01 -3.311978e-01  5.158050e-01 -1.541234e-01 -7.731118e-02  6.715777e-02 
 5.469091e-01 -3.760640e-01 -6.696628e-01 -3.331937e-01  5.263982e-01 -1.538852e-01 -7.769463e-02  6.726142e-02 
 5.433554e-01 -3.742942e-01 -6.725496e-01 -3.351802e-01  5.369913e-01 -1.536470e-01 -7.807936e-02  6.736033e-02 
 5.397864e-01 -3.725140e-01 -6.754176e-01 -3.371573e-01  5.475845e-01 -1.534089e-01 -7.846531e-02  6.745449e-02 
 5.362022e-01 -3.707233e-01 -6.782667e-01 -3.391250e-01  5.581777e-01 -1.531709e-01 -7.885244e-02  6.754389e-02 
 5.326030e-01 -3.689222e-01 -6.810967e-01 -3.410832e-01  5.687708e-01 -1.529330e-01 -7.924072e-02  6.762853e-02 
 5.289889e-01 -3.671107e-01 -6.839076e-01 -3.430318e-01  5.793640e-01 -1.526952e-01 -7.963009e-02  6.770838e-02 
 5.253599e-01 -3.652890e-01 -6.866994e-01 -3.449708e-01  5.899572e-01 -1.524577e-01 -8.002052e-02  6.778345e-02 
 5.217163e-01 -3.634570e-01 -6.894719e-01 -3.469001e-01  6.005503e-01 -1.522203e-01 -8.041195e-02  6.785372e-02 
 5.180579e-01 -3.616148e-01 -6.922250e-01 -3.488197e-01  6.111434e-01 -1.519831e-01 -8.080436e-02  6.791919e-02 
 5.143851e-01 -3.597625e-01 -6.949588e-01 -3.507295e-01  6.217366e-01 -1.517461e-01 -8.119768e-02  6.797984e-02 
 5.106978e-01 -3.579001e-01 -6.976730e-01 -3.526295e-01  6.323297e-01 -1.515095e-01 -8.159189e-02  6.803568e-02 
 5.069962e-01 -3.560277e-01 -7.003677e-01 -3.545195e-01  6.429229e-01 -1.512731e-01 -8.198693e-02  6.808669e-02 
 5.032804e-01 -3.541453e-01 -7.030428e-01 -3.563997e-01  6.535160e-01 -1.510371e-01 -8.238275e-02  6.813287e-02 
 4.995505e-01 -3.522529e-01 -7.056981e-01 -3.582698e-01  6.641091e-01 -1.508014e-01 -8.277933e-02  6.817422e-02 
 4.958066e-01 -3.503507e-01 -7.083337e-01 -3.601299e-01  6.747022e-01 -1.505661e-01 -8.317660e-02  6.821073e-02 
 4.920488e-01 -3.484386e-01 -7.109494e-01 -3.619799e-01  6.852953e-01 -1.503313e-01 -8.357453e-02  6.824239e-02 
