-1.528910e-01 -5.298122e-01  3.705066e-01  7.474278e-01  0.000000e+00  0.000000e+00  0.000000e+00 
-1.229787e-01 -5.875062e-01  3.814800e-01  7.029834e-01  0.000000e+00  0.000000e+00  0.000000e+00 
-6.542007e-02 -6.846858e-01  3.954377e-01  6.087319e-01  0.000000e+00  0.000000e+00  0.000000e+00 
-5.266808e-03 -7.683704e-01  4.007780e-01  4.989550e-01  0.000000e+00  0.000000e+00  0.000000e+00 
 4.643706e-02 -8.262753e-01  3.981135e-01  3.957504e-01  0.000000e+00  0.000000e+00  0.000000e+00 
 8.676244e-02 -8.623007e-01  3.913094e-01  3.094943e-01  0.000000e+00  0.000000e+00  0.000000e+00 
 1.166210e-01 -8.835624e-01  3.834714e-01  2.422121e-01  0.000000e+00  0.000000e+00  0.000000e+00 
 1.381509e-01 -8.958615e-01  3.762514e-01  1.917849e-01  0.000000e+00  0.000000e+00  0.000000e+00 
 1.535116e-01 -9.029925e-01  3.702499e-01  1.547698e-01  0.000000e+00  0.000000e+00  0.000000e+00 
 1.644795e-01 -9.072045e-01  3.655096e-01  1.277855e-01  0.000000e+00  0.000000e+00  0.000000e+00 
 1.723910e-01 -9.097694e-01  3.618454e-01  1.080221e-01  0.000000e+00  0.000000e+00  0.000000e+00 
 1.782067e-01 -9.113939e-01  3.590169e-01  9.332960e-02  0.000000e+00  0.000000e+00  0.000000e+00 
 1.825982e-01 -9.124704e-01  3.568034e-01  8.214019e-02  0.000000e+00  0.000000e+00  0.000000e+00 
 1.860271e-01 -9.132194e-01  3.550277e-01  7.334577e-02  0.000000e+00  0.000000e+00  0.000000e+00 
 1.888063e-01 -9.137666e-01  3.535576e-01  6.617998e-02  0.000000e+00  0.000000e+00  0.000000e+00 
 1.911459e-01 -9.141852e-01  3.522982e-01  6.012123e-02  0.000000e+00  0.000000e+00  0.000000e+00 
 1.931857e-01 -9.145185e-01  3.511838e-01  5.481890e-02  0.000000e+00  0.000000e+00  0.000000e+00 
 1.950180e-01 -9.147925e-01  3.501696e-01  5.003959e-02  0.000000e+00  0.000000e+00  0.000000e+00 
 1.967037e-01 -9.150231e-01  3.492254e-01  4.562926e-02  0.000000e+00  0.000000e+00  0.000000e+00 
 1.982825e-01 -9.152202e-01  3.483315e-01  4.148692e-02  0.000000e+00  0.000000e+00  0.000000e+00 
 1.997801e-01 -9.153903e-01  3.474747e-01  3.754677e-02  0.000000e+00  0.000000e+00  0.000000e+00 
 2.012134e-01 -9.155376e-01  3.466467e-01  3.376623e-02  0.000000e+00  0.000000e+00  0.000000e+00 
 2.025931e-01 -9.156649e-01  3.458422e-01  3.011785e-02  0.000000e+00  0.000000e+00  0.000000e+00 
 2.039261e-01 -9.157743e-01  3.450578e-01  2.658409e-02  0.000000e+00  0.000000e+00  0.000000e+00 
 2.052171e-01 -9.158674e-01  3.442916e-01  2.315381e-02  0.000000e+00  0.000000e+00  0.000000e+00 
 2.064690e-01 -9.159456e-01  3.435423e-01  1.982000e-02  0.000000e+00  0.000000e+00  0.000000e+00 
 2.076835e-01 -9.160100e-01  3.428095e-01  1.657831e-02  0.000000e+00  0.000000e+00  0.000000e+00 
 2.088619e-01 -9.160617e-01  3.420928e-01  1.342608e-02  0.000000e+00  0.000000e+00  0.000000e+00 
 2.100051e-01 -9.161014e-01  3.413922e-01  1.036176e-02  0.000000e+00  0.000000e+00  0.000000e+00 
 2.111134e-01 -9.161303e-01  3.407079e-01  7.384486e-03  0.000000e+00  0.000000e+00  0.000000e+00 
 2.121874e-01 -9.161490e-01  3.400401e-01  4.493832e-03  0.000000e+00  0.000000e+00  0.000000e+00 
 2.132272e-01 -9.161585e-01  3.393891e-01  1.689653e-03  0.000000e+00  0.000000e+00  0.000000e+00 
 2.142330e-01 -9.161595e-01  3.387551e-01 -1.028021e-03  0.000000e+00  0.000000e+00  0.000000e+00 
 2.152050e-01 -9.161527e-01  3.381384e-01 -3.659050e-03  0.000000e+00  0.000000e+00  0.000000e+00 
 2.161432e-01 -9.161390e-01  3.375395e-01 -6.203224e-03  0.000000e+00  0.000000e+00  0.000000e+00 
 2.170477e-01 -9.161191e-01  3.369586e-01 -8.660295e-03  0.000000e+00  0.000000e+00  0.000000e+00 
 2.179186e-01 -9.160936e-01  3.363960e-01 -1.102999e-02  0.000000e+00  0.000000e+00  0.000000e+00 
 2.187559e-01 -9.160633e-01  3.358521e-01 -1.331201e-02  0.000000e+00  0.000000e+00  0.000000e+00 
 2.195597e-01 -9.160288e-01  3.353272e-01 -1.550606e-02  0.000000e+00  0.000000e+00  0.000000e+00 
 2.203299e-01 -9.159907e-01  3.348216e-01 -1.761186e-02  0.000000e+00  0.000000e+00  0.000000e+00 
 2.210668e-01 -9.159497e-01  3.343355e-01 -1.962909e-02  0.000000e+00  0.000000e+00  0.000000e+00 
 2.217702e-01 -9.159064e-01  3.338694e-01 -2.155747e-02  0.000000e+00  0.000000e+00  0.000000e+00 
 2.224402e-01 -9.158612e-01  3.334233e-01 -2.339670e-02  0.000000e+00  0.000000e+00  0.000000e+00 
 2.230768e-01 -9.158149e-01  3.329977e-01 -2.514651e-02  0.000000e+00  0.000000e+00  0.000000e+00 
 2.236801e-01 -9.157678e-01  3.325928e-01 -2.680662e-02  0.000000e+00  0.000000e+00  0.000000e+00 
 2.242501e-01 -9.157205e-01  3.322088e-01 -2.837678e-02  0.000000e+00  0.000000e+00  0.000000e+00 
 2.247867e-01 -9.156734e-01  3.318459e-01 -2.985674e-02  0.000000e+00  0.000000e+00  0.000000e+00 
 2.252900e-01 -9.156270e-01  3.315044e-01 -3.124626e-02  0.000000e+00  0.000000e+00  0.000000e+00 
 2.257601e-01 -9.155818e-01  3.311845e-01 -3.254513e-02  0.000000e+00  0.000000e+00  0.000000e+00 
 2.261968e-01 -9.155381e-01  3.308863e-01 -3.375314e-02  0.000000e+00  0.000000e+00  0.000000e+00 
 2.266004e-01 -9.154962e-01  3.306101e-01 -3.487014e-02  0.000000e+00  0.000000e+00  0.000000e+00 
 2.269707e-01 -9.154566e-01  3.303560e-01 -3.589596e-02  0.000000e+00  0.000000e+00  0.000000e+00 
 2.273078e-01 -9.154194e-01  3.301241e-01 -3.683047e-02  0.000000e+00  0.000000e+00  0.000000e+00 
 2.276118e-01 -9.153851e-01  3.299146e-01 -3.767359e-02  0.000000e+00  0.000000e+00  0.000000e+00 
 2.278826e-01 -9.153539e-01  3.297276e-01 -3.842526e-02  0.000000e+00  0.000000e+00  0.000000e+00 
 2.281204e-01 -9.153259e-01  3.295632e-01 -3.908544e-02  0.000000e+00  0.000000e+00  0.000000e+00 
 2.283251e-01 -9.153015e-01  3.294214e-01 -3.965415e-02  0.000000e+00  0.000000e+00  0.000000e+00 
 2.284968e-01 -9.152807e-01  3.293023e-01 -4.013144e-02  0.000000e+00  0.000000e+00  0.000000e+00 
 2.286357e-01 -9.152637e-01  3.292059e-01 -4.051742e-02  0.000000e+00  0.000000e+00  0.000000e+00 
 2.287417e-01 -9.152506e-01  3.291322e-01 -4.081224e-02  0.000000e+00  0.000000e+00  0.000000e+00 
 2.288150e-01 -9.152414e-01  3.290812e-01 -4.101611e-02  0.000000e+00  0.000000e+00  0.000000e+00 
 2.288557e-01 -9.152364e-01  3.290529e-01 -4.112930e-02  0.000000e+00  0.000000e+00  0.000000e+00 
 2.288639e-01 -9.152353e-01  3.290472e-01 -4.115213e-02  0.000000e+00  0.000000e+00  0.000000e+00 
 2.288398e-01 -9.152384e-01  3.290640e-01 -4.108500e-02  0.000000e+00  0.000000e+00  0.000000e+00 
 2.287835e-01 -9.152454e-01  3.291032e-01 -4.092838e-02  0.000000e+00  0.000000e+00  0.000000e+00 
 2.286952e-01 -9.152563e-01  3.291645e-01 -4.068281e-02  0.000000e+00  0.000000e+00  0.000000e+00 
 2.285751e-01 -9.152711e-01  3.292480e-01 -4.034890e-02  0.000000e+00  0.000000e+00  0.000000e+00 
 2.284234e-01 -9.152896e-01  3.293532e-01 -3.992738e-02  0.000000e+00  0.000000e+00  0.000000e+00 
 2.282405e-01 -9.153116e-01  3.294800e-01 -3.941902e-02  0.000000e+00  0.000000e+00  0.000000e+00 
 2.280265e-01 -9.153370e-01  3.296281e-01 -3.882472e-02  0.000000e+00  0.000000e+00  0.000000e+00 
 2.277818e-01 -9.153656e-01  3.297972e-01 -3.814545e-02  0.000000e+00  0.000000e+00  0.000000e+00 
 2.275068e-01 -9.153971e-01  3.299870e-01 -3.738231e-02  0.000000e+00  0.000000e+00  0.000000e+00 
 2.272018e-01 -9.154312e-01  3.301971e-01 -3.653648e-02  0.000000e+00  0.000000e+00  0.000000e+00 
 2.268672e-01 -9.154678e-01  3.304271e-01 -3.560924e-02  0.000000e+00  0.000000e+00  0.000000e+00 
 2.265035e-01 -9.155064e-01  3.306765e-01 -3.460201e-02  0.000000e+00  0.000000e+00  0.000000e+00 
 2.261112e-01 -9.155468e-01  3.309448e-01 -3.351631e-02  0.000000e+00  0.000000e+00  0.000000e+00 
 2.256908e-01 -9.155886e-01  3.312317e-01 -3.235375e-02  0.000000e+00  0.000000e+00  0.000000e+00 
 2.252429e-01 -9.156315e-01  3.315365e-01 -3.111609e-02  0.000000e+00  0.000000e+00  0.000000e+00 
 2.247680e-01 -9.156751e-01  3.318586e-01 -2.980521e-02  0.000000e+00  0.000000e+00  0.000000e+00 
 2.242669e-01 -9.157190e-01  3.321975e-01 -2.842308e-02  0.000000e+00  0.000000e+00  0.000000e+00 
 2.237401e-01 -9.157629e-01  3.325525e-01 -2.697182e-02  0.000000e+00  0.000000e+00  0.000000e+00 
 2.231885e-01 -9.158064e-01  3.329229e-01 -2.545367e-02  0.000000e+00  0.000000e+00  0.000000e+00 
 2.226128e-01 -9.158490e-01  3.333081e-01 -2.387096e-02  0.000000e+00  0.000000e+00  0.000000e+00 
 2.220139e-01 -9.158904e-01  3.337074e-01 -2.222616e-02  0.000000e+00  0.000000e+00  0.000000e+00 
 2.213926e-01 -9.159302e-01  3.341199e-01 -2.052188e-02  0.000000e+00  0.000000e+00  0.000000e+00 
 2.207498e-01 -9.159679e-01  3.345450e-01 -1.876080e-02  0.000000e+00  0.000000e+00  0.000000e+00 
 2.200864e-01 -9.160033e-01  3.349817e-01 -1.694573e-02  0.000000e+00  0.000000e+00  0.000000e+00 
 2.194035e-01 -9.160359e-01  3.354294e-01 -1.507961e-02  0.000000e+00  0.000000e+00  0.000000e+00 
 2.187021e-01 -9.160654e-01  3.358871e-01 -1.316544e-02  0.000000e+00  0.000000e+00  0.000000e+00 
 2.179833e-01 -9.160915e-01  3.363541e-01 -1.120636e-02  0.000000e+00  0.000000e+00  0.000000e+00 
 2.172482e-01 -9.161138e-01  3.368293e-01 -9.205575e-03  0.000000e+00  0.000000e+00  0.000000e+00 
 2.164979e-01 -9.161320e-01  3.373121e-01 -7.166381e-03  0.000000e+00  0.000000e+00  0.000000e+00 
 2.157337e-01 -9.161459e-01  3.378014e-01 -5.092156e-03  0.000000e+00  0.000000e+00  0.000000e+00 
 2.149566e-01 -9.161552e-01  3.382964e-01 -2.986347e-03  0.000000e+00  0.000000e+00  0.000000e+00 
 2.141681e-01 -9.161596e-01  3.387961e-01 -8.524610e-04  0.000000e+00  0.000000e+00  0.000000e+00 
 2.133693e-01 -9.161591e-01  3.392997e-01  1.305939e-03  0.000000e+00  0.000000e+00  0.000000e+00 
 2.125616e-01 -9.161534e-01  3.398063e-01  3.485248e-03  0.000000e+00  0.000000e+00  0.000000e+00 
 2.117463e-01 -9.161424e-01  3.403150e-01  5.681825e-03  0.000000e+00  0.000000e+00  0.000000e+00 
 2.109247e-01 -9.161260e-01  3.408248e-01  7.892004e-03  0.000000e+00  0.000000e+00  0.000000e+00 
 2.100981e-01 -9.161042e-01  3.413350e-01  1.011211e-02  0.000000e+00  0.000000e+00  0.000000e+00 
 2.092679e-01 -9.160770e-01  3.418446e-01  1.233845e-02  0.000000e+00  0.000000e+00  0.000000e+00 
 2.084356e-01 -9.160442e-01  3.423527e-01  1.456736e-02  0.000000e+00  0.000000e+00  0.000000e+00 
 2.076023e-01 -9.160061e-01  3.428586e-01  1.679516e-02  0.000000e+00  0.000000e+00  0.000000e+00 
 2.067696e-01 -9.159626e-01  3.433615e-01  1.901824e-02  0.000000e+00  0.000000e+00  0.000000e+00 
 2.059388e-01 -9.159140e-01  3.438604e-01  2.123298e-02  0.000000e+00  0.000000e+00  0.000000e+00 
 2.051111e-01 -9.158602e-01  3.443548e-01  2.343583e-02  0.000000e+00  0.000000e+00  0.000000e+00 
 2.042880e-01 -9.158017e-01  3.448437e-01  2.562331e-02  0.000000e+00  0.000000e+00  0.000000e+00 
 2.034708e-01 -9.157384e-01  3.453265e-01  2.779198e-02  0.000000e+00  0.000000e+00  0.000000e+00 
 2.026608e-01 -9.156707e-01  3.458025e-01  2.993849e-02  0.000000e+00  0.000000e+00  0.000000e+00 
 2.018592e-01 -9.155989e-01  3.462711e-01  3.205956e-02  0.000000e+00  0.000000e+00  0.000000e+00 
 2.010673e-01 -9.155233e-01  3.467315e-01  3.415200e-02  0.000000e+00  0.000000e+00  0.000000e+00 
 2.002863e-01 -9.154441e-01  3.471832e-01  3.621274e-02  0.000000e+00  0.000000e+00  0.000000e+00 
 1.995174e-01 -9.153617e-01  3.476256e-01  3.823879e-02  0.000000e+00  0.000000e+00  0.000000e+00 
 1.987617e-01 -9.152765e-01  3.480583e-01  4.022727e-02  0.000000e+00  0.000000e+00  0.000000e+00 
 1.980204e-01 -9.151888e-01  3.484806e-01  4.217542e-02  0.000000e+00  0.000000e+00  0.000000e+00 
 1.972945e-01 -9.150990e-01  3.488920e-01  4.408060e-02  0.000000e+00  0.000000e+00  0.000000e+00 
 1.965850e-01 -9.150075e-01  3.492923e-01  4.594031e-02  0.000000e+00  0.000000e+00  0.000000e+00 
 1.958930e-01 -9.149147e-01  3.496809e-01  4.775213e-02  0.000000e+00  0.000000e+00  0.000000e+00 
 1.952193e-01 -9.148211e-01  3.500575e-01  4.951381e-02  0.000000e+00  0.000000e+00  0.000000e+00 
 1.945648e-01 -9.147270e-01  3.504216e-01  5.122321e-02  0.000000e+00  0.000000e+00  0.000000e+00 
 1.939304e-01 -9.146328e-01  3.507731e-01  5.287834e-02  0.000000e+00  0.000000e+00  0.000000e+00 
 1.933168e-01 -9.145389e-01  3.511116e-01  5.447731e-02  0.000000e+00  0.000000e+00  0.000000e+00 
 1.927249e-01 -9.144458e-01  3.514369e-01  5.601838e-02  0.000000e+00  0.000000e+00  0.000000e+00 
 1.921552e-01 -9.143539e-01  3.517487e-01  5.749994e-02  0.000000e+00  0.000000e+00  0.000000e+00 
 1.916084e-01 -9.142634e-01  3.520469e-01  5.892052e-02  0.000000e+00  0.000000e+00  0.000000e+00 
 1.910852e-01 -9.141749e-01  3.523311e-01  6.027875e-02  0.000000e+00  0.000000e+00  0.000000e+00 
 1.905860e-01 -9.140886e-01  3.526014e-01  6.157340e-02  0.000000e+00  0.000000e+00  0.000000e+00 
 1.901114e-01 -9.140049e-01  3.528575e-01  6.280337e-02  0.000000e+00  0.000000e+00  0.000000e+00 
 1.896617e-01 -9.139242e-01  3.530994e-01  6.396767e-02  0.000000e+00  0.000000e+00  0.000000e+00 
 1.892374e-01 -9.138467e-01  3.533270e-01  6.506542e-02  0.000000e+00  0.000000e+00  0.000000e+00 
 1.888389e-01 -9.137727e-01  3.535402e-01  6.609587e-02  0.000000e+00  0.000000e+00  0.000000e+00 
 1.884664e-01 -9.137026e-01  3.537389e-01  6.705837e-02  0.000000e+00  0.000000e+00  0.000000e+00 
 1.881202e-01 -9.136365e-01  3.539231e-01  6.795236e-02  0.000000e+00  0.000000e+00  0.000000e+00 
 1.878005e-01 -9.135748e-01  3.540929e-01  6.877742e-02  0.000000e+00  0.000000e+00  0.000000e+00 
 1.875075e-01 -9.135176e-01  3.542481e-01  6.953318e-02  0.000000e+00  0.000000e+00  0.000000e+00 
 1.872413e-01 -9.134651e-01  3.543889e-01  7.021939e-02  0.000000e+00  0.000000e+00  0.000000e+00 
 1.870021e-01 -9.134175e-01  3.545152e-01  7.083588e-02  0.000000e+00  0.000000e+00  0.000000e+00 
 1.867899e-01 -9.133749e-01  3.546270e-01  7.138257e-02  0.000000e+00  0.000000e+00  0.000000e+00 
 1.866047e-01 -9.133375e-01  3.547245e-01  7.185946e-02  0.000000e+00  0.000000e+00  0.000000e+00 
 1.864465e-01 -9.133054e-01  3.548077e-01  7.226660e-02  0.000000e+00  0.000000e+00  0.000000e+00 
 1.863154e-01 -9.132786e-01  3.548765e-01  7.260414e-02  0.000000e+00  0.000000e+00  0.000000e+00 
 1.862112e-01 -9.132573e-01  3.549312e-01  7.287228e-02  0.000000e+00  0.000000e+00  0.000000e+00 
 1.861338e-01 -9.132414e-01  3.549718e-01  7.307129e-02  0.000000e+00  0.000000e+00  0.000000e+00 
 1.860832e-01 -9.132309e-01  3.549983e-01  7.320149e-02  0.000000e+00  0.000000e+00  0.000000e+00 
 1.860592e-01 -9.132260e-01  3.550109e-01  7.326325e-02  0.000000e+00  0.000000e+00  0.000000e+00 
 1.860616e-01 -9.132265e-01  3.550096e-01  7.325700e-02  0.000000e+00  0.000000e+00  0.000000e+00 
 1.860903e-01 -9.132324e-01  3.549946e-01  7.318322e-02  0.000000e+00  0.000000e+00  0.000000e+00 
 1.861451e-01 -9.132437e-01  3.549659e-01  7.304241e-02  0.000000e+00  0.000000e+00  0.000000e+00 
 1.862256e-01 -9.132602e-01  3.549237e-01  7.283514e-02  0.000000e+00  0.000000e+00  0.000000e+00 
 1.863318e-01 -9.132820e-01  3.548679e-01  7.256197e-02  0.000000e+00  0.000000e+00  0.000000e+00 
 1.864633e-01 -9.133088e-01  3.547989e-01  7.222354e-02  0.000000e+00  0.000000e+00  0.000000e+00 
 1.866198e-01 -9.133406e-01  3.547165e-01  7.182049e-02  0.000000e+00  0.000000e+00  0.000000e+00 
 1.868011e-01 -9.133772e-01  3.546211e-01  7.135350e-02  0.000000e+00  0.000000e+00  0.000000e+00 
 1.870070e-01 -9.134185e-01  3.545126e-01  7.082327e-02  0.000000e+00  0.000000e+00  0.000000e+00 
 1.872370e-01 -9.134642e-01  3.543911e-01  7.023050e-02  0.000000e+00  0.000000e+00  0.000000e+00 
 1.874909e-01 -9.135143e-01  3.542569e-01  6.957595e-02  0.000000e+00  0.000000e+00  0.000000e+00 
 1.877683e-01 -9.135685e-01  3.541099e-01  6.886035e-02  0.000000e+00  0.000000e+00  0.000000e+00 
 1.880690e-01 -9.136267e-01  3.539503e-01  6.808448e-02  0.000000e+00  0.000000e+00  0.000000e+00 
 1.883925e-01 -9.136886e-01  3.537782e-01  6.724912e-02  0.000000e+00  0.000000e+00  0.000000e+00 
 1.887386e-01 -9.137539e-01  3.535937e-01  6.635505e-02  0.000000e+00  0.000000e+00  0.000000e+00 
 1.891069e-01 -9.138226e-01  3.533969e-01  6.540307e-02  0.000000e+00  0.000000e+00  0.000000e+00 
 1.894970e-01 -9.138942e-01  3.531879e-01  6.439398e-02  0.000000e+00  0.000000e+00  0.000000e+00 
 1.899086e-01 -9.139687e-01  3.529667e-01  6.332859e-02  0.000000e+00  0.000000e+00  0.000000e+00 
 1.903413e-01 -9.140456e-01  3.527336e-01  6.220771e-02  0.000000e+00  0.000000e+00  0.000000e+00 
 1.907948e-01 -9.141249e-01  3.524885e-01  6.103215e-02  0.000000e+00  0.000000e+00  0.000000e+00 
 1.912686e-01 -9.142061e-01  3.522316e-01  5.980272e-02  0.000000e+00  0.000000e+00  0.000000e+00 
 1.917625e-01 -9.142891e-01  3.519629e-01  5.852024e-02  0.000000e+00  0.000000e+00  0.000000e+00 
 1.922761e-01 -9.143736e-01  3.516826e-01  5.718551e-02  0.000000e+00  0.000000e+00  0.000000e+00 
 1.928090e-01 -9.144592e-01  3.513907e-01  5.579935e-02  0.000000e+00  0.000000e+00  0.000000e+00 
 1.933609e-01 -9.145458e-01  3.510874e-01  5.436257e-02  0.000000e+00  0.000000e+00  0.000000e+00 
 1.939313e-01 -9.146329e-01  3.507726e-01  5.287596e-02  0.000000e+00  0.000000e+00  0.000000e+00 
 1.945199e-01 -9.147204e-01  3.504465e-01  5.134032e-02  0.000000e+00  0.000000e+00  0.000000e+00 
 1.951264e-01 -9.148079e-01  3.501092e-01  4.975644e-02  0.000000e+00  0.000000e+00  0.000000e+00 
 1.957504e-01 -9.148952e-01  3.497607e-01  4.812511e-02  0.000000e+00  0.000000e+00  0.000000e+00 
 1.963915e-01 -9.149819e-01  3.494011e-01  4.644712e-02  0.000000e+00  0.000000e+00  0.000000e+00 
 1.970494e-01 -9.150678e-01  3.490305e-01  4.472322e-02  0.000000e+00  0.000000e+00  0.000000e+00 
 1.977238e-01 -9.151525e-01  3.486489e-01  4.295419e-02  0.000000e+00  0.000000e+00  0.000000e+00 
 1.984142e-01 -9.152358e-01  3.482565e-01  4.114078e-02  0.000000e+00  0.000000e+00  0.000000e+00 
 1.991204e-01 -9.153174e-01  3.478532e-01  3.928375e-02  0.000000e+00  0.000000e+00  0.000000e+00 
 1.998420e-01 -9.153970e-01  3.474391e-01  3.738383e-02  0.000000e+00  0.000000e+00  0.000000e+00 
 2.005786e-01 -9.154743e-01  3.470144e-01  3.544175e-02  0.000000e+00  0.000000e+00  0.000000e+00 
 2.013300e-01 -9.155489e-01  3.465790e-01  3.345824e-02  0.000000e+00  0.000000e+00  0.000000e+00 
 2.020957e-01 -9.156206e-01  3.461331e-01  3.143402e-02  0.000000e+00  0.000000e+00  0.000000e+00 
 2.028755e-01 -9.156892e-01  3.456766e-01  2.936979e-02  0.000000e+00  0.000000e+00  0.000000e+00 
 2.036691e-01 -9.157542e-01  3.452096e-01  2.726624e-02  0.000000e+00  0.000000e+00  0.000000e+00 
 2.044760e-01 -9.158155e-01  3.447323e-01  2.512406e-02  0.000000e+00  0.000000e+00  0.000000e+00 
 2.052960e-01 -9.158727e-01  3.442446e-01  2.294393e-02  0.000000e+00  0.000000e+00  0.000000e+00 
 2.061289e-01 -9.159256e-01  3.437465e-01  2.072651e-02  0.000000e+00  0.000000e+00  0.000000e+00 
 2.069742e-01 -9.159738e-01  3.432382e-01  1.847247e-02  0.000000e+00  0.000000e+00  0.000000e+00 
 2.078316e-01 -9.160171e-01  3.427197e-01  1.618246e-02  0.000000e+00  0.000000e+00  0.000000e+00 
 2.087009e-01 -9.160552e-01  3.421910e-01  1.385711e-02  0.000000e+00  0.000000e+00  0.000000e+00 
 2.095818e-01 -9.160879e-01  3.416522e-01  1.149705e-02  0.000000e+00  0.000000e+00  0.000000e+00 
 2.104740e-01 -9.161148e-01  3.411033e-01  9.102901e-03  0.000000e+00  0.000000e+00  0.000000e+00 
 2.113771e-01 -9.161357e-01  3.405444e-01  6.675280e-03  0.000000e+00  0.000000e+00  0.000000e+00 
 2.122910e-01 -9.161503e-01  3.399755e-01  4.214787e-03  0.000000e+00  0.000000e+00  0.000000e+00 
 2.132152e-01 -9.161584e-01  3.393966e-01  1.722013e-03  0.000000e+00  0.000000e+00  0.000000e+00 
 2.141496e-01 -9.161597e-01  3.388078e-01 -8.024566e-04  0.000000e+00  0.000000e+00  0.000000e+00 
 2.150939e-01 -9.161539e-01  3.382091e-01 -3.358048e-03  0.000000e+00  0.000000e+00  0.000000e+00 
 2.160477e-01 -9.161408e-01  3.376006e-01 -5.944194e-03  0.000000e+00  0.000000e+00  0.000000e+00 
 2.170109e-01 -9.161200e-01  3.369823e-01 -8.560340e-03  0.000000e+00  0.000000e+00  0.000000e+00 
 2.179832e-01 -9.160915e-01  3.363542e-01 -1.120593e-02  0.000000e+00  0.000000e+00  0.000000e+00 
 2.189642e-01 -9.160549e-01  3.357163e-01 -1.388044e-02  0.000000e+00  0.000000e+00  0.000000e+00 
 2.199539e-01 -9.160099e-01  3.350688e-01 -1.658332e-02  0.000000e+00  0.000000e+00  0.000000e+00 
 2.209518e-01 -9.159564e-01  3.344116e-01 -1.931406e-02  0.000000e+00  0.000000e+00  0.000000e+00 
 2.219578e-01 -9.158941e-01  3.337447e-01 -2.207214e-02  0.000000e+00  0.000000e+00  0.000000e+00 
 2.229716e-01 -9.158228e-01  3.330682e-01 -2.485705e-02  0.000000e+00  0.000000e+00  0.000000e+00 
 2.239930e-01 -9.157422e-01  3.323822e-01 -2.766830e-02  0.000000e+00  0.000000e+00  0.000000e+00 
 2.250217e-01 -9.156520e-01  3.316866e-01 -3.050539e-02  0.000000e+00  0.000000e+00  0.000000e+00 
 2.260576e-01 -9.155522e-01  3.309815e-01 -3.336784e-02  0.000000e+00  0.000000e+00  0.000000e+00 
 2.271003e-01 -9.154424e-01  3.302669e-01 -3.625517e-02  0.000000e+00  0.000000e+00  0.000000e+00 
 2.281497e-01 -9.153224e-01  3.295429e-01 -3.916691e-02  0.000000e+00  0.000000e+00  0.000000e+00 
 2.292055e-01 -9.151921e-01  3.288094e-01 -4.210261e-02  0.000000e+00  0.000000e+00  0.000000e+00 
 2.302676e-01 -9.150512e-01  3.280665e-01 -4.506181e-02  0.000000e+00  0.000000e+00  0.000000e+00 
 2.313357e-01 -9.148994e-01  3.273142e-01 -4.804405e-02  0.000000e+00  0.000000e+00  0.000000e+00 
 2.324095e-01 -9.147367e-01  3.265526e-01 -5.104891e-02  0.000000e+00  0.000000e+00  0.000000e+00 
 2.334890e-01 -9.145627e-01  3.257816e-01 -5.407594e-02  0.000000e+00  0.000000e+00  0.000000e+00 
 2.345738e-01 -9.143774e-01  3.250014e-01 -5.712472e-02  0.000000e+00  0.000000e+00  0.000000e+00 
 2.356638e-01 -9.141804e-01  3.242119e-01 -6.019482e-02  0.000000e+00  0.000000e+00  0.000000e+00 
 2.367588e-01 -9.139716e-01  3.234131e-01 -6.328584e-02  0.000000e+00  0.000000e+00  0.000000e+00 
 2.378586e-01 -9.137508e-01  3.226051e-01 -6.639736e-02  0.000000e+00  0.000000e+00  0.000000e+00 
 2.389630e-01 -9.135179e-01  3.217879e-01 -6.952897e-02  0.000000e+00  0.000000e+00  0.000000e+00 
 2.400718e-01 -9.132726e-01  3.209616e-01 -7.268030e-02  0.000000e+00  0.000000e+00  0.000000e+00 
 2.411847e-01 -9.130147e-01  3.201261e-01 -7.585093e-02  0.000000e+00  0.000000e+00  0.000000e+00 
 2.423018e-01 -9.127441e-01  3.192814e-01 -7.904049e-02  0.000000e+00  0.000000e+00  0.000000e+00 
 2.434227e-01 -9.124606e-01  3.184277e-01 -8.224859e-02  0.000000e+00  0.000000e+00  0.000000e+00 
 2.445472e-01 -9.121641e-01  3.175649e-01 -8.547487e-02  0.000000e+00  0.000000e+00  0.000000e+00 
 2.456753e-01 -9.118542e-01  3.166930e-01 -8.871895e-02  0.000000e+00  0.000000e+00  0.000000e+00 
 2.468066e-01 -9.115310e-01  3.158121e-01 -9.198046e-02  0.000000e+00  0.000000e+00  0.000000e+00 
 2.479412e-01 -9.111942e-01  3.149222e-01 -9.525906e-02  0.000000e+00  0.000000e+00  0.000000e+00 
 2.490787e-01 -9.108437e-01  3.140232e-01 -9.855438e-02  0.000000e+00  0.000000e+00  0.000000e+00 
 2.502190e-01 -9.104793e-01  3.131154e-01 -1.018661e-01  0.000000e+00  0.000000e+00  0.000000e+00 
 2.513620e-01 -9.101008e-01  3.121986e-01 -1.051938e-01  0.000000e+00  0.000000e+00  0.000000e+00 
 2.525074e-01 -9.097081e-01  3.112728e-01 -1.085372e-01  0.000000e+00  0.000000e+00  0.000000e+00 
 2.536552e-01 -9.093011e-01  3.103382e-01 -1.118960e-01  0.000000e+00  0.000000e+00  0.000000e+00 
 2.548052e-01 -9.088796e-01  3.093947e-01 -1.152698e-01  0.000000e+00  0.000000e+00  0.000000e+00 
 2.559572e-01 -9.084434e-01  3.084424e-01 -1.186582e-01  0.000000e+00  0.000000e+00  0.000000e+00 
 2.571110e-01 -9.079925e-01  3.074812e-01 -1.220611e-01  0.000000e+00  0.000000e+00  0.000000e+00 
 2.582666e-01 -9.075266e-01  3.065113e-01 -1.254780e-01  0.000000e+00  0.000000e+00  0.000000e+00 
 2.594237e-01 -9.070456e-01  3.055325e-01 -1.289087e-01  0.000000e+00  0.000000e+00  0.000000e+00 
 2.605823e-01 -9.065495e-01  3.045450e-01 -1.323527e-01  0.000000e+00  0.000000e+00  0.000000e+00 
 2.617421e-01 -9.060380e-01  3.035488e-01 -1.358099e-01  0.000000e+00  0.000000e+00  0.000000e+00 
 2.629031e-01 -9.055111e-01  3.025438e-01 -1.392799e-01  0.000000e+00  0.000000e+00  0.000000e+00 
 2.640650e-01 -9.049686e-01  3.015302e-01 -1.427625e-01  0.000000e+00  0.000000e+00  0.000000e+00 
 2.652279e-01 -9.044103e-01  3.005078e-01 -1.462572e-01  0.000000e+00  0.000000e+00  0.000000e+00 
 2.663914e-01 -9.038363e-01  2.994769e-01 -1.497639e-01  0.000000e+00  0.000000e+00  0.000000e+00 
 2.675555e-01 -9.032462e-01  2.984373e-01 -1.532822e-01  0.000000e+00  0.000000e+00  0.000000e+00 
 2.687201e-01 -9.026401e-01  2.973891e-01 -1.568119e-01  0.000000e+00  0.000000e+00  0.000000e+00 
 2.698850e-01 -9.020179e-01  2.963324e-01 -1.603527e-01  0.000000e+00  0.000000e+00  0.000000e+00 
 2.710500e-01 -9.013793e-01  2.952671e-01 -1.639042e-01  0.000000e+00  0.000000e+00  0.000000e+00 
 2.722152e-01 -9.007243e-01  2.941933e-01 -1.674663e-01  0.000000e+00  0.000000e+00  0.000000e+00 
 2.733802e-01 -9.000528e-01  2.931109e-01 -1.710386e-01  0.000000e+00  0.000000e+00  0.000000e+00 
 2.745451e-01 -8.993646e-01  2.920201e-01 -1.746209e-01  0.000000e+00  0.000000e+00  0.000000e+00 
 2.757097e-01 -8.986598e-01  2.909209e-01 -1.782129e-01  0.000000e+00  0.000000e+00  0.000000e+00 
 2.768738e-01 -8.979381e-01  2.898132e-01 -1.818143e-01  0.000000e+00  0.000000e+00  0.000000e+00 
 2.780374e-01 -8.971994e-01  2.886971e-01 -1.854249e-01  0.000000e+00  0.000000e+00  0.000000e+00 
 2.792003e-01 -8.964438e-01  2.875726e-01 -1.890444e-01  0.000000e+00  0.000000e+00  0.000000e+00 
 2.803624e-01 -8.956710e-01  2.864397e-01 -1.926726e-01  0.000000e+00  0.000000e+00  0.000000e+00 
 2.815236e-01 -8.948809e-01  2.852985e-01 -1.963092e-01  0.000000e+00  0.000000e+00  0.000000e+00 
 2.826838e-01 -8.940736e-01  2.841490e-01 -1.999540e-01  0.000000e+00  0.000000e+00  0.000000e+00 
 2.838428e-01 -8.932489e-01  2.829912e-01 -2.036067e-01  0.000000e+00  0.000000e+00  0.000000e+00 
 2.850006e-01 -8.924066e-01  2.818252e-01 -2.072670e-01  0.000000e+00  0.000000e+00  0.000000e+00 
 2.861570e-01 -8.915468e-01  2.806509e-01 -2.109348e-01  0.000000e+00  0.000000e+00  0.000000e+00 
 2.873120e-01 -8.906693e-01  2.794684e-01 -2.146097e-01  0.000000e+00  0.000000e+00  0.000000e+00 
 2.884654e-01 -8.897741e-01  2.782777e-01 -2.182916e-01  0.000000e+00  0.000000e+00  0.000000e+00 
 2.896171e-01 -8.888611e-01  2.770789e-01 -2.219802e-01  0.000000e+00  0.000000e+00  0.000000e+00 
 2.907671e-01 -8.879301e-01  2.758719e-01 -2.256753e-01  0.000000e+00  0.000000e+00  0.000000e+00 
 2.919151e-01 -8.869812e-01  2.746568e-01 -2.293766e-01  0.000000e+00  0.000000e+00  0.000000e+00 
 2.930611e-01 -8.860142e-01  2.734336e-01 -2.330839e-01  0.000000e+00  0.000000e+00  0.000000e+00 
 2.942051e-01 -8.850291e-01  2.722024e-01 -2.367969e-01  0.000000e+00  0.000000e+00  0.000000e+00 
 2.953468e-01 -8.840257e-01  2.709631e-01 -2.405155e-01  0.000000e+00  0.000000e+00  0.000000e+00 
 2.964863e-01 -8.830041e-01  2.697159e-01 -2.442395e-01  0.000000e+00  0.000000e+00  0.000000e+00 
 2.976234e-01 -8.819642e-01  2.684606e-01 -2.479685e-01  0.000000e+00  0.000000e+00  0.000000e+00 
 2.987579e-01 -8.809058e-01  2.671974e-01 -2.517025e-01  0.000000e+00  0.000000e+00  0.000000e+00 
 2.998899e-01 -8.798290e-01  2.659263e-01 -2.554411e-01  0.000000e+00  0.000000e+00  0.000000e+00 
 3.010192e-01 -8.787336e-01  2.646473e-01 -2.591841e-01  0.000000e+00  0.000000e+00  0.000000e+00 
 3.021458e-01 -8.776197e-01  2.633604e-01 -2.629314e-01  0.000000e+00  0.000000e+00  0.000000e+00 
 3.032694e-01 -8.764871e-01  2.620657e-01 -2.666826e-01  0.000000e+00  0.000000e+00  0.000000e+00 
 3.043901e-01 -8.753357e-01  2.607632e-01 -2.704377e-01  0.000000e+00  0.000000e+00  0.000000e+00 
 3.055078e-01 -8.741656e-01  2.594528e-01 -2.741964e-01  0.000000e+00  0.000000e+00  0.000000e+00 
 3.066223e-01 -8.729767e-01  2.581348e-01 -2.779585e-01  0.000000e+00  0.000000e+00  0.000000e+00 
 3.077336e-01 -8.717689e-01  2.568089e-01 -2.817237e-01  0.000000e+00  0.000000e+00  0.000000e+00 
 3.088415e-01 -8.705421e-01  2.554754e-01 -2.854919e-01  0.000000e+00  0.000000e+00  0.000000e+00 
 3.099461e-01 -8.692964e-01  2.541343e-01 -2.892629e-01  0.000000e+00  0.000000e+00  0.000000e+00 
 3.110471e-01 -8.680316e-01  2.527854e-01 -2.930365e-01  0.000000e+00  0.000000e+00  0.000000e+00 
 3.121446e-01 -8.667477e-01  2.514290e-01 -2.968124e-01  0.000000e+00  0.000000e+00  0.000000e+00 
 3.132384e-01 -8.654447e-01  2.500650e-01 -3.005904e-01  0.000000e+00  0.000000e+00  0.000000e+00 
 3.143284e-01 -8.641226e-01  2.486934e-01 -3.043705e-01  0.000000e+00  0.000000e+00  0.000000e+00 
 3.154147e-01 -8.627812e-01  2.473143e-01 -3.081523e-01  0.000000e+00  0.000000e+00  0.000000e+00 
 3.164970e-01 -8.614206e-01  2.459277e-01 -3.119357e-01  0.000000e+00  0.000000e+00  0.000000e+00 
 3.175753e-01 -8.600406e-01  2.445337e-01 -3.157204e-01  0.000000e+00  0.000000e+00  0.000000e+00 
 3.186495e-01 -8.586413e-01  2.431322e-01 -3.195064e-01  0.000000e+00  0.000000e+00  0.000000e+00 
 3.197196e-01 -8.572226e-01  2.417233e-01 -3.232933e-01  0.000000e+00  0.000000e+00  0.000000e+00 
 3.207855e-01 -8.557846e-01  2.403070e-01 -3.270810e-01  0.000000e+00  0.000000e+00  0.000000e+00 
 3.218470e-01 -8.543270e-01  2.388834e-01 -3.308694e-01  0.000000e+00  0.000000e+00  0.000000e+00 
 3.229041e-01 -8.528500e-01  2.374525e-01 -3.346582e-01  0.000000e+00  0.000000e+00  0.000000e+00 
 3.239568e-01 -8.513535e-01  2.360143e-01 -3.384472e-01  0.000000e+00  0.000000e+00  0.000000e+00 
 3.250050e-01 -8.498374e-01  2.345689e-01 -3.422363e-01  0.000000e+00  0.000000e+00  0.000000e+00 
 3.260485e-01 -8.483017e-01  2.331162e-01 -3.460253e-01  0.000000e+00  0.000000e+00  0.000000e+00 
 3.270873e-01 -8.467464e-01  2.316564e-01 -3.498139e-01  0.000000e+00  0.000000e+00  0.000000e+00 
 3.281213e-01 -8.451715e-01  2.301894e-01 -3.536020e-01  0.000000e+00  0.000000e+00  0.000000e+00 
 3.291506e-01 -8.435769e-01  2.287153e-01 -3.573895e-01  0.000000e+00  0.000000e+00  0.000000e+00 
 3.301749e-01 -8.419626e-01  2.272341e-01 -3.611761e-01  0.000000e+00  0.000000e+00  0.000000e+00 
 3.311942e-01 -8.403286e-01  2.257459e-01 -3.649617e-01  0.000000e+00  0.000000e+00  0.000000e+00 
 3.322084e-01 -8.386749e-01  2.242506e-01 -3.687460e-01  0.000000e+00  0.000000e+00  0.000000e+00 
 3.332176e-01 -8.370014e-01  2.227483e-01 -3.725290e-01  0.000000e+00  0.000000e+00  0.000000e+00 
 3.342215e-01 -8.353081e-01  2.212391e-01 -3.763104e-01  0.000000e+00  0.000000e+00  0.000000e+00 
 3.352202e-01 -8.335951e-01  2.197230e-01 -3.800901e-01  0.000000e+00  0.000000e+00  0.000000e+00 
 3.362135e-01 -8.318622e-01  2.182000e-01 -3.838678e-01  0.000000e+00  0.000000e+00  0.000000e+00 
 3.372015e-01 -8.301095e-01  2.166701e-01 -3.876435e-01  0.000000e+00  0.000000e+00  0.000000e+00 
 3.381839e-01 -8.283369e-01  2.151335e-01 -3.914169e-01  0.000000e+00  0.000000e+00  0.000000e+00 
 3.391609e-01 -8.265445e-01  2.135900e-01 -3.951879e-01  0.000000e+00  0.000000e+00  0.000000e+00 
 3.401322e-01 -8.247322e-01  2.120398e-01 -3.989563e-01  0.000000e+00  0.000000e+00  0.000000e+00 
 3.410979e-01 -8.229000e-01  2.104829e-01 -4.027219e-01  0.000000e+00  0.000000e+00  0.000000e+00 
 3.420578e-01 -8.210478e-01  2.089192e-01 -4.064845e-01  0.000000e+00  0.000000e+00  0.000000e+00 
 3.430119e-01 -8.191758e-01  2.073490e-01 -4.102441e-01  0.000000e+00  0.000000e+00  0.000000e+00 
 3.439602e-01 -8.172839e-01  2.057721e-01 -4.140004e-01  0.000000e+00  0.000000e+00  0.000000e+00 
 3.449025e-01 -8.153720e-01  2.041887e-01 -4.177532e-01  0.000000e+00  0.000000e+00  0.000000e+00 
 3.458389e-01 -8.134402e-01  2.025987e-01 -4.215024e-01  0.000000e+00  0.000000e+00  0.000000e+00 
 3.467692e-01 -8.114884e-01  2.010023e-01 -4.252479e-01  0.000000e+00  0.000000e+00  0.000000e+00 
 3.476934e-01 -8.095167e-01  1.993993e-01 -4.289895e-01  0.000000e+00  0.000000e+00  0.000000e+00 
 3.486114e-01 -8.075250e-01  1.977900e-01 -4.327269e-01  0.000000e+00  0.000000e+00  0.000000e+00 
 3.495232e-01 -8.055134e-01  1.961742e-01 -4.364601e-01  0.000000e+00  0.000000e+00  0.000000e+00 
 3.504287e-01 -8.034818e-01  1.945521e-01 -4.401889e-01  0.000000e+00  0.000000e+00  0.000000e+00 
 3.513278e-01 -8.014302e-01  1.929237e-01 -4.439131e-01  0.000000e+00  0.000000e+00  0.000000e+00 
