 8.415064e-01  9.150635e-02  9.150635e-02 -5.245191e-01  0.000000e+00  0.000000e+00  0.000000e+00 
 8.411808e-01  1.003494e-01  1.385066e-01 -5.129920e-01  0.000000e+00  0.000000e+00  0.000000e+00 
 8.327067e-01  1.163035e-01  2.286579e-01 -4.907023e-01  0.000000e+00  0.000000e+00  0.000000e+00 
 8.138959e-01  1.320457e-01  3.190839e-01 -4.672503e-01  0.000000e+00  0.000000e+00  0.000000e+00 
 7.904089e-01  1.456776e-01  3.942026e-01 -4.456862e-01  0.000000e+00  0.000000e+00  0.000000e+00 
 7.678531e-01  1.567088e-01  4.515314e-01 -4.265716e-01  0.000000e+00  0.000000e+00  0.000000e+00 
 7.491862e-01  1.651158e-01  4.935329e-01 -4.097341e-01  0.000000e+00  0.000000e+00  0.000000e+00 
 7.352190e-01  1.711580e-01  5.237136e-01 -3.948190e-01  0.000000e+00  0.000000e+00  0.000000e+00 
 7.256648e-01  1.752284e-01  5.451527e-01 -3.814632e-01  0.000000e+00  0.000000e+00  0.000000e+00 
 7.198582e-01  1.777313e-01  5.601380e-01 -3.694066e-01  0.000000e+00  0.000000e+00  0.000000e+00 
 7.170700e-01  1.790319e-01  5.702468e-01 -3.585762e-01  0.000000e+00  0.000000e+00  0.000000e+00 
 7.165784e-01  1.794566e-01  5.765846e-01 -3.490859e-01  0.000000e+00  0.000000e+00  0.000000e+00 
 7.176741e-01  1.793026e-01  5.800223e-01 -3.411284e-01  0.000000e+00  0.000000e+00  0.000000e+00 
 7.196978e-01  1.788280e-01  5.813285e-01 -3.348326e-01  0.000000e+00  0.000000e+00  0.000000e+00 
 7.221008e-01  1.782343e-01  5.811923e-01 -3.301795e-01  0.000000e+00  0.000000e+00  0.000000e+00 
 7.244856e-01  1.776581e-01  5.801947e-01 -3.270050e-01  0.000000e+00  0.000000e+00  0.000000e+00 
 7.266079e-01  1.771771e-01  5.787834e-01 -3.250524e-01  0.000000e+00  0.000000e+00  0.000000e+00 
 7.283501e-01  1.768241e-01  5.772706e-01 -3.240339e-01  0.000000e+00  0.000000e+00  0.000000e+00 
 7.296849e-01  1.766028e-01  5.758510e-01 -3.236773e-01  0.000000e+00  0.000000e+00  0.000000e+00 
 7.306402e-01  1.765008e-01  5.746285e-01 -3.237507e-01  0.000000e+00  0.000000e+00  0.000000e+00 
 7.312721e-01  1.764980e-01  5.736432e-01 -3.240726e-01  0.000000e+00  0.000000e+00  0.000000e+00 
 7.316468e-01  1.765729e-01  5.728947e-01 -3.245099e-01  0.000000e+00  0.000000e+00  0.000000e+00 
 7.318292e-01  1.767049e-01  5.723591e-01 -3.249714e-01  0.000000e+00  0.000000e+00  0.000000e+00 
 7.318769e-01  1.768763e-01  5.720016e-01 -3.254000e-01  0.000000e+00  0.000000e+00  0.000000e+00 
 7.318377e-01  1.770726e-01  5.717838e-01 -3.257639e-01  0.000000e+00  0.000000e+00  0.000000e+00 
 7.317490e-01  1.772826e-01  5.716693e-01 -3.260499e-01  0.000000e+00  0.000000e+00  0.000000e+00 
 7.316382e-01  1.774983e-01  5.716258e-01 -3.262573e-01  0.000000e+00  0.000000e+00  0.000000e+00 
 7.315243e-01  1.777142e-01  5.716270e-01 -3.263932e-01  0.000000e+00  0.000000e+00  0.000000e+00 
 7.314190e-01  1.779268e-01  5.716524e-01 -3.264687e-01  0.000000e+00  0.000000e+00  0.000000e+00 
 7.313287e-01  1.781344e-01  5.716874e-01 -3.264966e-01  0.000000e+00  0.000000e+00  0.000000e+00 
 7.312558e-01  1.783364e-01  5.717219e-01 -3.264891e-01  0.000000e+00  0.000000e+00  0.000000e+00 
 7.312000e-01  1.785331e-01  5.717501e-01 -3.264573e-01  0.000000e+00  0.000000e+00  0.000000e+00 
 7.311594e-01  1.787251e-01  5.717689e-01 -3.264101e-01  0.000000e+00  0.000000e+00  0.000000e+00 
 7.311315e-01  1.789133e-01  5.717775e-01 -3.263544e-01  0.000000e+00  0.000000e+00  0.000000e+00 
 7.311134e-01  1.790985e-01  5.717763e-01 -3.262954e-01  0.000000e+00  0.000000e+00  0.000000e+00 
 7.311025e-01  1.792817e-01  5.717666e-01 -3.262364e-01  0.000000e+00  0.000000e+00  0.000000e+00 
 7.310963e-01  1.794635e-01  5.717500e-01 -3.261795e-01  0.000000e+00  0.000000e+00  0.000000e+00 
 7.310930e-01  1.796446e-01  5.717281e-01 -3.261256e-01  0.000000e+00  0.000000e+00  0.000000e+00 
 7.310911e-01  1.798253e-01  5.717024e-01 -3.260751e-01  0.000000e+00  0.000000e+00  0.000000e+00 
 7.310897e-01  1.800060e-01  5.716743e-01 -3.260278e-01  0.000000e+00  0.000000e+00  0.000000e+00 
 7.310881e-01  1.801868e-01  5.716447e-01 -3.259834e-01  0.000000e+00  0.000000e+00  0.000000e+00 
 7.310860e-01  1.803679e-01  5.716144e-01 -3.259412e-01  0.000000e+00  0.000000e+00  0.000000e+00 
 7.310830e-01  1.805493e-01  5.715840e-01 -3.259007e-01  0.000000e+00  0.000000e+00  0.000000e+00 
 7.310793e-01  1.807311e-01  5.715537e-01 -3.258615e-01  0.000000e+00  0.000000e+00  0.000000e+00 
 7.310748e-01  1.809131e-01  5.715238e-01 -3.258231e-01  0.000000e+00  0.000000e+00  0.000000e+00 
 7.310696e-01  1.810954e-01  5.714943e-01 -3.257852e-01  0.000000e+00  0.000000e+00  0.000000e+00 
 7.310639e-01  1.812779e-01  5.714652e-01 -3.257476e-01  0.000000e+00  0.000000e+00  0.000000e+00 
 7.310577e-01  1.814606e-01  5.714365e-01 -3.257100e-01  0.000000e+00  0.000000e+00  0.000000e+00 
 7.310512e-01  1.816434e-01  5.714082e-01 -3.256724e-01  0.000000e+00  0.000000e+00  0.000000e+00 
 7.310444e-01  1.818264e-01  5.713803e-01 -3.256346e-01  0.000000e+00  0.000000e+00  0.000000e+00 
 7.310374e-01  1.820095e-01  5.713526e-01 -3.255966e-01  0.000000e+00  0.000000e+00  0.000000e+00 
 7.310302e-01  1.821927e-01  5.713251e-01 -3.255584e-01  0.000000e+00  0.000000e+00  0.000000e+00 
 7.310231e-01  1.823760e-01  5.712977e-01 -3.255199e-01  0.000000e+00  0.000000e+00  0.000000e+00 
 7.310158e-01  1.825594e-01  5.712704e-01 -3.254813e-01  0.000000e+00  0.000000e+00  0.000000e+00 
 7.310086e-01  1.827427e-01  5.712431e-01 -3.254425e-01  0.000000e+00  0.000000e+00  0.000000e+00 
 7.310013e-01  1.829262e-01  5.712159e-01 -3.254036e-01  0.000000e+00  0.000000e+00  0.000000e+00 
 7.309941e-01  1.831096e-01  5.711886e-01 -3.253646e-01  0.000000e+00  0.000000e+00  0.000000e+00 
 7.309868e-01  1.832932e-01  5.711614e-01 -3.253255e-01  0.000000e+00  0.000000e+00  0.000000e+00 
 7.309794e-01  1.834768e-01  5.711341e-01 -3.252864e-01  0.000000e+00  0.000000e+00  0.000000e+00 
 7.309720e-01  1.836605e-01  5.711068e-01 -3.252472e-01  0.000000e+00  0.000000e+00  0.000000e+00 
 7.309645e-01  1.838443e-01  5.710796e-01 -3.252080e-01  0.000000e+00  0.000000e+00  0.000000e+00 
 7.309570e-01  1.840281e-01  5.710524e-01 -3.251687e-01  0.000000e+00  0.000000e+00  0.000000e+00 
 7.309494e-01  1.842120e-01  5.710251e-01 -3.251295e-01  0.000000e+00  0.000000e+00  0.000000e+00 
 7.309417e-01  1.843960e-01  5.709979e-01 -3.250902e-01  0.000000e+00  0.000000e+00  0.000000e+00 
 7.309340e-01  1.845801e-01  5.709708e-01 -3.250509e-01  0.000000e+00  0.000000e+00  0.000000e+00 
 7.309262e-01  1.847642e-01  5.709436e-01 -3.250115e-01  0.000000e+00  0.000000e+00  0.000000e+00 
 7.309183e-01  1.849484e-01  5.709165e-01 -3.249721e-01  0.000000e+00  0.000000e+00  0.000000e+00 
 7.309103e-01  1.851327e-01  5.708894e-01 -3.249326e-01  0.000000e+00  0.000000e+00  0.000000e+00 
 7.309023e-01  1.853170e-01  5.708624e-01 -3.248931e-01  0.000000e+00  0.000000e+00  0.000000e+00 
 7.308942e-01  1.855015e-01  5.708354e-01 -3.248535e-01  0.000000e+00  0.000000e+00  0.000000e+00 
 7.308861e-01  1.856859e-01  5.708083e-01 -3.248139e-01  0.000000e+00  0.000000e+00  0.000000e+00 
 7.308779e-01  1.858705e-01  5.707814e-01 -3.247743e-01  0.000000e+00  0.000000e+00  0.000000e+00 
 7.308696e-01  1.860552e-01  5.707544e-01 -3.247345e-01  0.000000e+00  0.000000e+00  0.000000e+00 
 7.308612e-01  1.862399e-01  5.707275e-01 -3.246948e-01  0.000000e+00  0.000000e+00  0.000000e+00 
 7.308528e-01  1.864247e-01  5.707006e-01 -3.246550e-01  0.000000e+00  0.000000e+00  0.000000e+00 
 7.308443e-01  1.866095e-01  5.706737e-01 -3.246151e-01  0.000000e+00  0.000000e+00  0.000000e+00 
 7.308358e-01  1.867945e-01  5.706469e-01 -3.245752e-01  0.000000e+00  0.000000e+00  0.000000e+00 
 7.308271e-01  1.869795e-01  5.706200e-01 -3.245353e-01  0.000000e+00  0.000000e+00  0.000000e+00 
 7.308184e-01  1.871645e-01  5.705933e-01 -3.244953e-01  0.000000e+00  0.000000e+00  0.000000e+00 
 7.308097e-01  1.873497e-01  5.705665e-01 -3.244552e-01  0.000000e+00  0.000000e+00  0.000000e+00 
 7.308008e-01  1.875349e-01  5.705397e-01 -3.244151e-01  0.000000e+00  0.000000e+00  0.000000e+00 
 7.307919e-01  1.877202e-01  5.705130e-01 -3.243750e-01  0.000000e+00  0.000000e+00  0.000000e+00 
 7.307830e-01  1.879056e-01  5.704863e-01 -3.243348e-01  0.000000e+00  0.000000e+00  0.000000e+00 
 7.307739e-01  1.880911e-01  5.704597e-01 -3.242946e-01  0.000000e+00  0.000000e+00  0.000000e+00 
 7.307648e-01  1.882766e-01  5.704330e-01 -3.242543e-01  0.000000e+00  0.000000e+00  0.000000e+00 
 7.307556e-01  1.884622e-01  5.704064e-01 -3.242140e-01  0.000000e+00  0.000000e+00  0.000000e+00 
 7.307464e-01  1.886479e-01  5.703798e-01 -3.241736e-01  0.000000e+00  0.000000e+00  0.000000e+00 
 7.307371e-01  1.888337e-01  5.703533e-01 -3.241332e-01  0.000000e+00  0.000000e+00  0.000000e+00 
 7.307277e-01  1.890195e-01  5.703268e-01 -3.240927e-01  0.000000e+00  0.000000e+00  0.000000e+00 
 7.307182e-01  1.892054e-01  5.703003e-01 -3.240522e-01  0.000000e+00  0.000000e+00  0.000000e+00 
 7.307087e-01  1.893914e-01  5.702738e-01 -3.240116e-01  0.000000e+00  0.000000e+00  0.000000e+00 
 7.306991e-01  1.895774e-01  5.702473e-01 -3.239710e-01  0.000000e+00  0.000000e+00  0.000000e+00 
 7.306895e-01  1.897635e-01  5.702209e-01 -3.239303e-01  0.000000e+00  0.000000e+00  0.000000e+00 
 7.306797e-01  1.899497e-01  5.701945e-01 -3.238896e-01  0.000000e+00  0.000000e+00  0.000000e+00 
 7.306699e-01  1.901360e-01  5.701681e-01 -3.238488e-01  0.000000e+00  0.000000e+00  0.000000e+00 
 7.306600e-01  1.903224e-01  5.701418e-01 -3.238080e-01  0.000000e+00  0.000000e+00  0.000000e+00 
 7.306501e-01  1.905088e-01  5.701155e-01 -3.237672e-01  0.000000e+00  0.000000e+00  0.000000e+00 
 7.306401e-01  1.906953e-01  5.700892e-01 -3.237263e-01  0.000000e+00  0.000000e+00  0.000000e+00 
 7.306300e-01  1.908819e-01  5.700629e-01 -3.236853e-01  0.000000e+00  0.000000e+00  0.000000e+00 
 7.306199e-01  1.910685e-01  5.700367e-01 -3.236443e-01  0.000000e+00  0.000000e+00  0.000000e+00 
 7.306096e-01  1.912552e-01  5.700105e-01 -3.236033e-01  0.000000e+00  0.000000e+00  0.000000e+00 
 7.305993e-01  1.914420e-01  5.699843e-01 -3.235622e-01  0.000000e+00  0.000000e+00  0.000000e+00 
 7.305890e-01  1.916289e-01  5.699581e-01 -3.235210e-01  0.000000e+00  0.000000e+00  0.000000e+00 
 7.305785e-01  1.918159e-01  5.699320e-01 -3.234798e-01  0.000000e+00  0.000000e+00  0.000000e+00 
 7.305680e-01  1.920029e-01  5.699059e-01 -3.234386e-01  0.000000e+00  0.000000e+00  0.000000e+00 
 7.305575e-01  1.921900e-01  5.698798e-01 -3.233973e-01  0.000000e+00  0.000000e+00  0.000000e+00 
 7.305468e-01  1.923772e-01  5.698538e-01 -3.233559e-01  0.000000e+00  0.000000e+00  0.000000e+00 
 7.305361e-01  1.925644e-01  5.698277e-01 -3.233145e-01  0.000000e+00  0.000000e+00  0.000000e+00 
 7.305253e-01  1.927517e-01  5.698017e-01 -3.232731e-01  0.000000e+00  0.000000e+00  0.000000e+00 
 7.305145e-01  1.929391e-01  5.697758e-01 -3.232316e-01  0.000000e+00  0.000000e+00  0.000000e+00 
 7.305035e-01  1.931266e-01  5.697498e-01 -3.231901e-01  0.000000e+00  0.000000e+00  0.000000e+00 
 7.304925e-01  1.933142e-01  5.697239e-01 -3.231485e-01  0.000000e+00  0.000000e+00  0.000000e+00 
 7.304815e-01  1.935018e-01  5.696980e-01 -3.231069e-01  0.000000e+00  0.000000e+00  0.000000e+00 
 7.304703e-01  1.936895e-01  5.696721e-01 -3.230652e-01  0.000000e+00  0.000000e+00  0.000000e+00 
 7.304591e-01  1.938773e-01  5.696463e-01 -3.230235e-01  0.000000e+00  0.000000e+00  0.000000e+00 
 7.304478e-01  1.940651e-01  5.696205e-01 -3.229817e-01  0.000000e+00  0.000000e+00  0.000000e+00 
 7.304365e-01  1.942531e-01  5.695947e-01 -3.229398e-01  0.000000e+00  0.000000e+00  0.000000e+00 
 7.304251e-01  1.944411e-01  5.695690e-01 -3.228980e-01  0.000000e+00  0.000000e+00  0.000000e+00 
 7.304136e-01  1.946291e-01  5.695432e-01 -3.228560e-01  0.000000e+00  0.000000e+00  0.000000e+00 
 7.304020e-01  1.948173e-01  5.695175e-01 -3.228141e-01  0.000000e+00  0.000000e+00  0.000000e+00 
 7.303904e-01  1.950055e-01  5.694919e-01 -3.227720e-01  0.000000e+00  0.000000e+00  0.000000e+00 
 7.303787e-01  1.951938e-01  5.694662e-01 -3.227300e-01  0.000000e+00  0.000000e+00  0.000000e+00 
 7.303669e-01  1.953822e-01  5.694406e-01 -3.226879e-01  0.000000e+00  0.000000e+00  0.000000e+00 
 7.303550e-01  1.955707e-01  5.694150e-01 -3.226457e-01  0.000000e+00  0.000000e+00  0.000000e+00 
 7.303431e-01  1.957592e-01  5.693894e-01 -3.226035e-01  0.000000e+00  0.000000e+00  0.000000e+00 
 7.303311e-01  1.959478e-01  5.693639e-01 -3.225612e-01  0.000000e+00  0.000000e+00  0.000000e+00 
 7.303190e-01  1.961365e-01  5.693384e-01 -3.225189e-01  0.000000e+00  0.000000e+00  0.000000e+00 
 7.303069e-01  1.963252e-01  5.693129e-01 -3.224765e-01  0.000000e+00  0.000000e+00  0.000000e+00 
 7.302947e-01  1.965141e-01  5.692874e-01 -3.224341e-01  0.000000e+00  0.000000e+00  0.000000e+00 
 7.302824e-01  1.967030e-01  5.692620e-01 -3.223916e-01  0.000000e+00  0.000000e+00  0.000000e+00 
 7.302700e-01  1.968920e-01  5.692366e-01 -3.223491e-01  0.000000e+00  0.000000e+00  0.000000e+00 
 7.302576e-01  1.970810e-01  5.692112e-01 -3.223066e-01  0.000000e+00  0.000000e+00  0.000000e+00 
 7.302451e-01  1.972702e-01  5.691859e-01 -3.222640e-01  0.000000e+00  0.000000e+00  0.000000e+00 
 7.302325e-01  1.974594e-01  5.691605e-01 -3.222213e-01  0.000000e+00  0.000000e+00  0.000000e+00 
 7.302199e-01  1.976487e-01  5.691352e-01 -3.221786e-01  0.000000e+00  0.000000e+00  0.000000e+00 
 7.302071e-01  1.978380e-01  5.691100e-01 -3.221358e-01  0.000000e+00  0.000000e+00  0.000000e+00 
 7.301944e-01  1.980275e-01  5.690847e-01 -3.220930e-01  0.000000e+00  0.000000e+00  0.000000e+00 
 7.301815e-01  1.982170e-01  5.690595e-01 -3.220502e-01  0.000000e+00  0.000000e+00  0.000000e+00 
 7.301685e-01  1.984066e-01  5.690343e-01 -3.220073e-01  0.000000e+00  0.000000e+00  0.000000e+00 
 7.301555e-01  1.985963e-01  5.690091e-01 -3.219643e-01  0.000000e+00  0.000000e+00  0.000000e+00 
 7.301424e-01  1.987860e-01  5.689840e-01 -3.219213e-01  0.000000e+00  0.000000e+00  0.000000e+00 
 7.301293e-01  1.989758e-01  5.689589e-01 -3.218782e-01  0.000000e+00  0.000000e+00  0.000000e+00 
 7.301161e-01  1.991657e-01  5.689338e-01 -3.218351e-01  0.000000e+00  0.000000e+00  0.000000e+00 
 7.301028e-01  1.993557e-01  5.689088e-01 -3.217920e-01  0.000000e+00  0.000000e+00  0.000000e+00 
 7.300894e-01  1.995458e-01  5.688837e-01 -3.217488e-01  0.000000e+00  0.000000e+00  0.000000e+00 
 7.300759e-01  1.997359e-01  5.688587e-01 -3.217055e-01  0.000000e+00  0.000000e+00  0.000000e+00 
 7.300624e-01  1.999261e-01  5.688338e-01 -3.216622e-01  0.000000e+00  0.000000e+00  0.000000e+00 
 7.300488e-01  2.001164e-01  5.688088e-01 -3.216189e-01  0.000000e+00  0.000000e+00  0.000000e+00 
 7.300351e-01  2.003067e-01  5.687839e-01 -3.215755e-01  0.000000e+00  0.000000e+00  0.000000e+00 
 7.300214e-01  2.004972e-01  5.687590e-01 -3.215320e-01  0.000000e+00  0.000000e+00  0.000000e+00 
 7.300076e-01  2.006877e-01  5.687342e-01 -3.214885e-01  0.000000e+00  0.000000e+00  0.000000e+00 
 7.299937e-01  2.008783e-01  5.687093e-01 -3.214450e-01  0.000000e+00  0.000000e+00  0.000000e+00 
 7.299797e-01  2.010689e-01  5.686845e-01 -3.214014e-01  0.000000e+00  0.000000e+00  0.000000e+00 
 7.299657e-01  2.012597e-01  5.686597e-01 -3.213577e-01  0.000000e+00  0.000000e+00  0.000000e+00 
 7.299516e-01  2.014505e-01  5.686350e-01 -3.213140e-01  0.000000e+00  0.000000e+00  0.000000e+00 
 7.299374e-01  2.016414e-01  5.686102e-01 -3.212703e-01  0.000000e+00  0.000000e+00  0.000000e+00 
 7.299231e-01  2.018323e-01  5.685855e-01 -3.212265e-01  0.000000e+00  0.000000e+00  0.000000e+00 
 7.299088e-01  2.020234e-01  5.685609e-01 -3.211826e-01  0.000000e+00  0.000000e+00  0.000000e+00 
 7.298944e-01  2.022145e-01  5.685362e-01 -3.211387e-01  0.000000e+00  0.000000e+00  0.000000e+00 
 7.298799e-01  2.024057e-01  5.685116e-01 -3.210948e-01  0.000000e+00  0.000000e+00  0.000000e+00 
 7.298653e-01  2.025970e-01  5.684870e-01 -3.210508e-01  0.000000e+00  0.000000e+00  0.000000e+00 
 7.298507e-01  2.027883e-01  5.684625e-01 -3.210067e-01  0.000000e+00  0.000000e+00  0.000000e+00 
 7.298360e-01  2.029798e-01  5.684379e-01 -3.209626e-01  0.000000e+00  0.000000e+00  0.000000e+00 
 7.298212e-01  2.031713e-01  5.684134e-01 -3.209185e-01  0.000000e+00  0.000000e+00  0.000000e+00 
 7.298063e-01  2.033628e-01  5.683889e-01 -3.208743e-01  0.000000e+00  0.000000e+00  0.000000e+00 
 7.297914e-01  2.035545e-01  5.683645e-01 -3.208300e-01  0.000000e+00  0.000000e+00  0.000000e+00 
 7.297764e-01  2.037462e-01  5.683401e-01 -3.207857e-01  0.000000e+00  0.000000e+00  0.000000e+00 
 7.297613e-01  2.039381e-01  5.683157e-01 -3.207414e-01  0.000000e+00  0.000000e+00  0.000000e+00 
 7.297461e-01  2.041300e-01  5.682913e-01 -3.206970e-01  0.000000e+00  0.000000e+00  0.000000e+00 
 7.297309e-01  2.043219e-01  5.682669e-01 -3.206525e-01  0.000000e+00  0.000000e+00  0.000000e+00 
 7.297156e-01  2.045140e-01  5.682426e-01 -3.206080e-01  0.000000e+00  0.000000e+00  0.000000e+00 
 7.297002e-01  2.047061e-01  5.682183e-01 -3.205635e-01  0.000000e+00  0.000000e+00  0.000000e+00 
 7.296848e-01  2.048983e-01  5.681941e-01 -3.205189e-01  0.000000e+00  0.000000e+00  0.000000e+00 
 7.296692e-01  2.050906e-01  5.681698e-01 -3.204742e-01  0.000000e+00  0.000000e+00  0.000000e+00 
 7.296536e-01  2.052829e-01  5.681456e-01 -3.204295e-01  0.000000e+00  0.000000e+00  0.000000e+00 
 7.296379e-01  2.054753e-01  5.681215e-01 -3.203848e-01  0.000000e+00  0.000000e+00  0.000000e+00 
 7.296222e-01  2.056679e-01  5.680973e-01 -3.203400e-01  0.000000e+00  0.000000e+00  0.000000e+00 
 7.296063e-01  2.058604e-01  5.680732e-01 -3.202951e-01  0.000000e+00  0.000000e+00  0.000000e+00 
 7.295904e-01  2.060531e-01  5.680491e-01 -3.202502e-01  0.000000e+00  0.000000e+00  0.000000e+00 
 7.295744e-01  2.062458e-01  5.680250e-01 -3.202052e-01  0.000000e+00  0.000000e+00  0.000000e+00 
 7.295584e-01  2.064387e-01  5.680010e-01 -3.201602e-01  0.000000e+00  0.000000e+00  0.000000e+00 
 7.295422e-01  2.066316e-01  5.679770e-01 -3.201152e-01  0.000000e+00  0.000000e+00  0.000000e+00 
 7.295260e-01  2.068245e-01  5.679530e-01 -3.200701e-01  0.000000e+00  0.000000e+00  0.000000e+00 
 7.295097e-01  2.070176e-01  5.679290e-01 -3.200249e-01  0.000000e+00  0.000000e+00  0.000000e+00 
 7.294933e-01  2.072107e-01  5.679051e-01 -3.199797e-01  0.000000e+00  0.000000e+00  0.000000e+00 
 7.294769e-01  2.074039e-01  5.678812e-01 -3.199345e-01  0.000000e+00  0.000000e+00  0.000000e+00 
 7.294604e-01  2.075972e-01  5.678573e-01 -3.198892e-01  0.000000e+00  0.000000e+00  0.000000e+00 
 7.294438e-01  2.077905e-01  5.678335e-01 -3.198438e-01  0.000000e+00  0.000000e+00  0.000000e+00 
 7.294271e-01  2.079840e-01  5.678096e-01 -3.197984e-01  0.000000e+00  0.000000e+00  0.000000e+00 
 7.294103e-01  2.081775e-01  5.677858e-01 -3.197529e-01  0.000000e+00  0.000000e+00  0.000000e+00 
 7.293935e-01  2.083711e-01  5.677621e-01 -3.197074e-01  0.000000e+00  0.000000e+00  0.000000e+00 
 7.293766e-01  2.085648e-01  5.677383e-01 -3.196618e-01  0.000000e+00  0.000000e+00  0.000000e+00 
 7.293596e-01  2.087585e-01  5.677146e-01 -3.196162e-01  0.000000e+00  0.000000e+00  0.000000e+00 
 7.293426e-01  2.089523e-01  5.676910e-01 -3.195706e-01  0.000000e+00  0.000000e+00  0.000000e+00 
 7.293254e-01  2.091462e-01  5.676673e-01 -3.195249e-01  0.000000e+00  0.000000e+00  0.000000e+00 
 7.293082e-01  2.093402e-01  5.676437e-01 -3.194791e-01  0.000000e+00  0.000000e+00  0.000000e+00 
 7.292909e-01  2.095343e-01  5.676201e-01 -3.194333e-01  0.000000e+00  0.000000e+00  0.000000e+00 
 7.292735e-01  2.097284e-01  5.675965e-01 -3.193874e-01  0.000000e+00  0.000000e+00  0.000000e+00 
 7.292561e-01  2.099226e-01  5.675730e-01 -3.193415e-01  0.000000e+00  0.000000e+00  0.000000e+00 
 7.292386e-01  2.101169e-01  5.675494e-01 -3.192955e-01  0.000000e+00  0.000000e+00  0.000000e+00 
 7.292210e-01  2.103113e-01  5.675260e-01 -3.192495e-01  0.000000e+00  0.000000e+00  0.000000e+00 
 7.292033e-01  2.105057e-01  5.675025e-01 -3.192034e-01  0.000000e+00  0.000000e+00  0.000000e+00 
 7.291855e-01  2.107003e-01  5.674791e-01 -3.191573e-01  0.000000e+00  0.000000e+00  0.000000e+00 
 7.291677e-01  2.108949e-01  5.674557e-01 -3.191111e-01  0.000000e+00  0.000000e+00  0.000000e+00 
 7.291498e-01  2.110895e-01  5.674323e-01 -3.190649e-01  0.000000e+00  0.000000e+00  0.000000e+00 
 7.291318e-01  2.112843e-01  5.674089e-01 -3.190186e-01  0.000000e+00  0.000000e+00  0.000000e+00 
 7.291137e-01  2.114791e-01  5.673856e-01 -3.189723e-01  0.000000e+00  0.000000e+00  0.000000e+00 
 7.290956e-01  2.116741e-01  5.673623e-01 -3.189259e-01  0.000000e+00  0.000000e+00  0.000000e+00 
 7.290774e-01  2.118690e-01  5.673391e-01 -3.188795e-01  0.000000e+00  0.000000e+00  0.000000e+00 
 7.290590e-01  2.120641e-01  5.673158e-01 -3.188330e-01  0.000000e+00  0.000000e+00  0.000000e+00 
 7.290407e-01  2.122593e-01  5.672926e-01 -3.187865e-01  0.000000e+00  0.000000e+00  0.000000e+00 
 7.290222e-01  2.124545e-01  5.672694e-01 -3.187399e-01  0.000000e+00  0.000000e+00  0.000000e+00 
 7.290037e-01  2.126498e-01  5.672463e-01 -3.186932e-01  0.000000e+00  0.000000e+00  0.000000e+00 
 7.289851e-01  2.128452e-01  5.672231e-01 -3.186466e-01  0.000000e+00  0.000000e+00  0.000000e+00 
 7.289664e-01  2.130407e-01  5.672000e-01 -3.185998e-01  0.000000e+00  0.000000e+00  0.000000e+00 
 7.289476e-01  2.132362e-01  5.671770e-01 -3.185530e-01  0.000000e+00  0.000000e+00  0.000000e+00 
 7.289287e-01  2.134318e-01  5.671539e-01 -3.185062e-01  0.000000e+00  0.000000e+00  0.000000e+00 
 7.289098e-01  2.136275e-01  5.671309e-01 -3.184593e-01  0.000000e+00  0.000000e+00  0.000000e+00 
 7.288908e-01  2.138233e-01  5.671079e-01 -3.184123e-01  0.000000e+00  0.000000e+00  0.000000e+00 
 7.288717e-01  2.140191e-01  5.670850e-01 -3.183653e-01  0.000000e+00  0.000000e+00  0.000000e+00 
 7.288525e-01  2.142151e-01  5.670620e-01 -3.183183e-01  0.000000e+00  0.000000e+00  0.000000e+00 
 7.288333e-01  2.144111e-01  5.670391e-01 -3.182712e-01  0.000000e+00  0.000000e+00  0.000000e+00 
 7.288140e-01  2.146072e-01  5.670163e-01 -3.182240e-01  0.000000e+00  0.000000e+00  0.000000e+00 
 7.287945e-01  2.148033e-01  5.669934e-01 -3.181768e-01  0.000000e+00  0.000000e+00  0.000000e+00 
 7.287751e-01  2.149996e-01  5.669706e-01 -3.181296e-01  0.000000e+00  0.000000e+00  0.000000e+00 
 7.287555e-01  2.151959e-01  5.669478e-01 -3.180823e-01  0.000000e+00  0.000000e+00  0.000000e+00 
 7.287359e-01  2.153923e-01  5.669250e-01 -3.180349e-01  0.000000e+00  0.000000e+00  0.000000e+00 
 7.287161e-01  2.155888e-01  5.669023e-01 -3.179875e-01  0.000000e+00  0.000000e+00  0.000000e+00 
 7.286963e-01  2.157854e-01  5.668796e-01 -3.179400e-01  0.000000e+00  0.000000e+00  0.000000e+00 
 7.286764e-01  2.159820e-01  5.668569e-01 -3.178925e-01  0.000000e+00  0.000000e+00  0.000000e+00 
 7.286565e-01  2.161787e-01  5.668343e-01 -3.178450e-01  0.000000e+00  0.000000e+00  0.000000e+00 
 7.286364e-01  2.163755e-01  5.668116e-01 -3.177973e-01  0.000000e+00  0.000000e+00  0.000000e+00 
 7.286163e-01  2.165724e-01  5.667890e-01 -3.177497e-01  0.000000e+00  0.000000e+00  0.000000e+00 
 7.285961e-01  2.167694e-01  5.667665e-01 -3.177019e-01  0.000000e+00  0.000000e+00  0.000000e+00 
 7.285758e-01  2.169664e-01  5.667439e-01 -3.176542e-01  0.000000e+00  0.000000e+00  0.000000e+00 
 7.285555e-01  2.171635e-01  5.667214e-01 -3.176063e-01  0.000000e+00  0.000000e+00  0.000000e+00 
 7.285350e-01  2.173607e-01  5.666989e-01 -3.175585e-01  0.000000e+00  0.000000e+00  0.000000e+00 
 7.285145e-01  2.175580e-01  5.666765e-01 -3.175105e-01  0.000000e+00  0.000000e+00  0.000000e+00 
 7.284939e-01  2.177553e-01  5.666541e-01 -3.174625e-01  0.000000e+00  0.000000e+00  0.000000e+00 
 7.284732e-01  2.179527e-01  5.666317e-01 -3.174145e-01  0.000000e+00  0.000000e+00  0.000000e+00 
 7.284524e-01  2.181503e-01  5.666093e-01 -3.173664e-01  0.000000e+00  0.000000e+00  0.000000e+00 
 7.284316e-01  2.183478e-01  5.665870e-01 -3.173183e-01  0.000000e+00  0.000000e+00  0.000000e+00 
 7.284106e-01  2.185455e-01  5.665646e-01 -3.172701e-01  0.000000e+00  0.000000e+00  0.000000e+00 
 7.283896e-01  2.187433e-01  5.665424e-01 -3.172218e-01  0.000000e+00  0.000000e+00  0.000000e+00 
 7.283685e-01  2.189411e-01  5.665201e-01 -3.171735e-01  0.000000e+00  0.000000e+00  0.000000e+00 
 7.283474e-01  2.191390e-01  5.664979e-01 -3.171252e-01  0.000000e+00  0.000000e+00  0.000000e+00 
 7.283261e-01  2.193370e-01  5.664757e-01 -3.170768e-01  0.000000e+00  0.000000e+00  0.000000e+00 
 7.283048e-01  2.195350e-01  5.664535e-01 -3.170283e-01  0.000000e+00  0.000000e+00  0.000000e+00 
 7.282834e-01  2.197332e-01  5.664313e-01 -3.169798e-01  0.000000e+00  0.000000e+00  0.000000e+00 
 7.282619e-01  2.199314e-01  5.664092e-01 -3.169313e-01  0.000000e+00  0.000000e+00  0.000000e+00 
 7.282403e-01  2.201297e-01  5.663871e-01 -3.168827e-01  0.000000e+00  0.000000e+00  0.000000e+00 
 7.282186e-01  2.203281e-01  5.663651e-01 -3.168340e-01  0.000000e+00  0.000000e+00  0.000000e+00 
 7.281969e-01  2.205265e-01  5.663430e-01 -3.167853e-01  0.000000e+00  0.000000e+00  0.000000e+00 
 7.281751e-01  2.207250e-01  5.663210e-01 -3.167365e-01  0.000000e+00  0.000000e+00  0.000000e+00 
 7.281532e-01  2.209237e-01  5.662991e-01 -3.166877e-01  0.000000e+00  0.000000e+00  0.000000e+00 
 7.281312e-01  2.211224e-01  5.662771e-01 -3.166388e-01  0.000000e+00  0.000000e+00  0.000000e+00 
 7.281091e-01  2.213211e-01  5.662552e-01 -3.165899e-01  0.000000e+00  0.000000e+00  0.000000e+00 
 7.280869e-01  2.215200e-01  5.662333e-01 -3.165409e-01  0.000000e+00  0.000000e+00  0.000000e+00 
 7.280647e-01  2.217189e-01  5.662114e-01 -3.164919e-01  0.000000e+00  0.000000e+00  0.000000e+00 
 7.280424e-01  2.219179e-01  5.661896e-01 -3.164428e-01  0.000000e+00  0.000000e+00  0.000000e+00 
 7.280200e-01  2.221170e-01  5.661678e-01 -3.163936e-01  0.000000e+00  0.000000e+00  0.000000e+00 
 7.279975e-01  2.223162e-01  5.661460e-01 -3.163445e-01  0.000000e+00  0.000000e+00  0.000000e+00 
 7.279749e-01  2.225154e-01  5.661243e-01 -3.162952e-01  0.000000e+00  0.000000e+00  0.000000e+00 
 7.279523e-01  2.227148e-01  5.661026e-01 -3.162459e-01  0.000000e+00  0.000000e+00  0.000000e+00 
 7.279296e-01  2.229142e-01  5.660809e-01 -3.161966e-01  0.000000e+00  0.000000e+00  0.000000e+00 
 7.279068e-01  2.231137e-01  5.660592e-01 -3.161472e-01  0.000000e+00  0.000000e+00  0.000000e+00 
 7.278839e-01  2.233132e-01  5.660376e-01 -3.160977e-01  0.000000e+00  0.000000e+00  0.000000e+00 
 7.278609e-01  2.235129e-01  5.660159e-01 -3.160482e-01  0.000000e+00  0.000000e+00  0.000000e+00 
 7.278378e-01  2.237126e-01  5.659944e-01 -3.159986e-01  0.000000e+00  0.000000e+00  0.000000e+00 
 7.278147e-01  2.239124e-01  5.659728e-01 -3.159490e-01  0.000000e+00  0.000000e+00  0.000000e+00 
 7.277915e-01  2.241123e-01  5.659513e-01 -3.158994e-01  0.000000e+00  0.000000e+00  0.000000e+00 
 7.277681e-01  2.243123e-01  5.659298e-01 -3.158496e-01  0.000000e+00  0.000000e+00  0.000000e+00 
 7.277448e-01  2.245123e-01  5.659083e-01 -3.157999e-01  0.000000e+00  0.000000e+00  0.000000e+00 
 7.277213e-01  2.247124e-01  5.658869e-01 -3.157500e-01  0.000000e+00  0.000000e+00  0.000000e+00 
 7.276977e-01  2.249127e-01  5.658655e-01 -3.157002e-01  0.000000e+00  0.000000e+00  0.000000e+00 
 7.276741e-01  2.251129e-01  5.658441e-01 -3.156502e-01  0.000000e+00  0.000000e+00  0.000000e+00 
 7.276503e-01  2.253133e-01  5.658227e-01 -3.156002e-01  0.000000e+00  0.000000e+00  0.000000e+00 
 7.276265e-01  2.255137e-01  5.658014e-01 -3.155502e-01  0.000000e+00  0.000000e+00  0.000000e+00 
 7.276026e-01  2.257143e-01  5.657801e-01 -3.155001e-01  0.000000e+00  0.000000e+00  0.000000e+00 
 7.275787e-01  2.259149e-01  5.657589e-01 -3.154500e-01  0.000000e+00  0.000000e+00  0.000000e+00 
 7.275546e-01  2.261156e-01  5.657376e-01 -3.153998e-01  0.000000e+00  0.000000e+00  0.000000e+00 
 7.275305e-01  2.263163e-01  5.657164e-01 -3.153495e-01  0.000000e+00  0.000000e+00  0.000000e+00 
 7.275062e-01  2.265172e-01  5.656952e-01 -3.152992e-01  0.000000e+00  0.000000e+00  0.000000e+00 
 7.274819e-01  2.267181e-01  5.656741e-01 -3.152488e-01  0.000000e+00  0.000000e+00  0.000000e+00 
 7.274575e-01  2.269191e-01  5.656529e-01 -3.151984e-01  0.000000e+00  0.000000e+00  0.000000e+00 
 7.274330e-01  2.271202e-01  5.656318e-01 -3.151480e-01  0.000000e+00  0.000000e+00  0.000000e+00 
 7.274085e-01  2.273213e-01  5.656108e-01 -3.150974e-01  0.000000e+00  0.000000e+00  0.000000e+00 
 7.273838e-01  2.275226e-01  5.655897e-01 -3.150469e-01  0.000000e+00  0.000000e+00  0.000000e+00 
 7.273591e-01  2.277239e-01  5.655687e-01 -3.149962e-01  0.000000e+00  0.000000e+00  0.000000e+00 
 7.273342e-01  2.279253e-01  5.655477e-01 -3.149456e-01  0.000000e+00  0.000000e+00  0.000000e+00 
 7.273093e-01  2.281268e-01  5.655268e-01 -3.148948e-01  0.000000e+00  0.000000e+00  0.000000e+00 
 7.272843e-01  2.283284e-01  5.655059e-01 -3.148440e-01  0.000000e+00  0.000000e+00  0.000000e+00 
 7.272593e-01  2.285300e-01  5.654850e-01 -3.147932e-01  0.000000e+00  0.000000e+00  0.000000e+00 
 7.272341e-01  2.287317e-01  5.654641e-01 -3.147423e-01  0.000000e+00  0.000000e+00  0.000000e+00 
 7.272089e-01  2.289335e-01  5.654432e-01 -3.146914e-01  0.000000e+00  0.000000e+00  0.000000e+00 
 7.271835e-01  2.291354e-01  5.654224e-01 -3.146404e-01  0.000000e+00  0.000000e+00  0.000000e+00 
 7.271581e-01  2.293374e-01  5.654016e-01 -3.145893e-01  0.000000e+00  0.000000e+00  0.000000e+00 
 7.271326e-01  2.295394e-01  5.653809e-01 -3.145382e-01  0.000000e+00  0.000000e+00  0.000000e+00 
 7.271070e-01  2.297416e-01  5.653602e-01 -3.144870e-01  0.000000e+00  0.000000e+00  0.000000e+00 
 7.270813e-01  2.299438e-01  5.653395e-01 -3.144358e-01  0.000000e+00  0.000000e+00  0.000000e+00 
 7.270556e-01  2.301461e-01  5.653188e-01 -3.143845e-01  0.000000e+00  0.000000e+00  0.000000e+00 
 7.270297e-01  2.303484e-01  5.652981e-01 -3.143332e-01  0.000000e+00  0.000000e+00  0.000000e+00 
 7.270038e-01  2.305509e-01  5.652775e-01 -3.142818e-01  0.000000e+00  0.000000e+00  0.000000e+00 
 7.269778e-01  2.307534e-01  5.652570e-01 -3.142304e-01  0.000000e+00  0.000000e+00  0.000000e+00 
 7.269517e-01  2.309560e-01  5.652364e-01 -3.141789e-01  0.000000e+00  0.000000e+00  0.000000e+00 
 7.269255e-01  2.311587e-01  5.652159e-01 -3.141274e-01  0.000000e+00  0.000000e+00  0.000000e+00 
 7.268992e-01  2.313615e-01  5.651954e-01 -3.140758e-01  0.000000e+00  0.000000e+00  0.000000e+00 
 7.268729e-01  2.315643e-01  5.651749e-01 -3.140241e-01  0.000000e+00  0.000000e+00  0.000000e+00 
 7.268464e-01  2.317672e-01  5.651545e-01 -3.139724e-01  0.000000e+00  0.000000e+00  0.000000e+00 
 7.268199e-01  2.319703e-01  5.651340e-01 -3.139207e-01  0.000000e+00  0.000000e+00  0.000000e+00 
 7.267932e-01  2.321733e-01  5.651137e-01 -3.138689e-01  0.000000e+00  0.000000e+00  0.000000e+00 
 7.267665e-01  2.323765e-01  5.650933e-01 -3.138170e-01  0.000000e+00  0.000000e+00  0.000000e+00 
 7.267397e-01  2.325798e-01  5.650730e-01 -3.137651e-01  0.000000e+00  0.000000e+00  0.000000e+00 
 7.267129e-01  2.327831e-01  5.650527e-01 -3.137131e-01  0.000000e+00  0.000000e+00  0.000000e+00 
 7.266859e-01  2.329865e-01  5.650324e-01 -3.136611e-01  0.000000e+00  0.000000e+00  0.000000e+00 
 7.266588e-01  2.331900e-01  5.650122e-01 -3.136090e-01  0.000000e+00  0.000000e+00  0.000000e+00 
 7.266317e-01  2.333936e-01  5.649919e-01 -3.135569e-01  0.000000e+00  0.000000e+00  0.000000e+00 
 7.266045e-01  2.335972e-01  5.649718e-01 -3.135047e-01  0.000000e+00  0.000000e+00  0.000000e+00 
 7.265772e-01  2.338010e-01  5.649516e-01 -3.134524e-01  0.000000e+00  0.000000e+00  0.000000e+00 
 7.265497e-01  2.340048e-01  5.649315e-01 -3.134001e-01  0.000000e+00  0.000000e+00  0.000000e+00 
 7.265223e-01  2.342087e-01  5.649114e-01 -3.133478e-01  0.000000e+00  0.000000e+00  0.000000e+00 
 7.264947e-01  2.344127e-01  5.648913e-01 -3.132954e-01  0.000000e+00  0.000000e+00  0.000000e+00 
 7.264670e-01  2.346167e-01  5.648713e-01 -3.132429e-01  0.000000e+00  0.000000e+00  0.000000e+00 
 7.264393e-01  2.348209e-01  5.648513e-01 -3.131904e-01  0.000000e+00  0.000000e+00  0.000000e+00 
