 0.000000e+00  0.000000e+00  0.000000e+00  1.000000e+00  0.000000e+00  0.000000e+00  0.000000e+00 
 0.000000e+00  8.726535e-03  0.000000e+00  9.999619e-01  0.000000e+00  0.000000e+00  0.000000e+00 
 0.000000e+00  1.745241e-02  0.000000e+00  9.998477e-01  0.000000e+00  0.000000e+00  0.000000e+00 
 0.000000e+00  2.617695e-02  0.000000e+00  9.996573e-01  0.000000e+00  0.000000e+00  0.000000e+00 
 0.000000e+00  3.489950e-02  0.000000e+00  9.993908e-01  0.000000e+00  0.000000e+00  0.000000e+00 
 0.000000e+00  4.361939e-02  0.000000e+00  9.990482e-01  0.000000e+00  0.000000e+00  0.000000e+00 
 0.000000e+00  5.233596e-02  0.000000e+00  9.986295e-01  0.000000e+00  0.000000e+00  0.000000e+00 
 0.000000e+00  6.104854e-02  0.000000e+00  9.981348e-01  0.000000e+00  0.000000e+00  0.000000e+00 
 0.000000e+00  6.975647e-02  0.000000e+00  9.975641e-01  0.000000e+00  0.000000e+00  0.000000e+00 
 0.000000e+00  7.845910e-02  0.000000e+00  9.969173e-01  0.000000e+00  0.000000e+00  0.000000e+00 
 0.000000e+00  8.715574e-02  0.000000e+00  9.961947e-01  0.000000e+00  0.000000e+00  0.000000e+00 
 0.000000e+00  9.584575e-02  0.000000e+00  9.953962e-01  0.000000e+00  0.000000e+00  0.000000e+00 
 0.000000e+00  1.045285e-01  0.000000e+00  9.945219e-01  0.000000e+00  0.000000e+00  0.000000e+00 
 0.000000e+00  1.132032e-01  0.000000e+00  9.935719e-01  0.000000e+00  0.000000e+00  0.000000e+00 
 0.000000e+00  1.218693e-01  0.000000e+00  9.925462e-01  0.000000e+00  0.000000e+00  0.000000e+00 
 0.000000e+00  1.305262e-01  0.000000e+00  9.914449e-01  0.000000e+00  0.000000e+00  0.000000e+00 
 0.000000e+00  1.391731e-01  0.000000e+00  9.902681e-01  0.000000e+00  0.000000e+00  0.000000e+00 
 0.000000e+00  1.478094e-01  0.000000e+00  9.890159e-01  0.000000e+00  0.000000e+00  0.000000e+00 
 0.000000e+00  1.564345e-01  0.000000e+00  9.876883e-01  0.000000e+00  0.000000e+00  0.000000e+00 
 0.000000e+00  1.650476e-01  0.000000e+00  9.862856e-01  0.000000e+00  0.000000e+00  0.000000e+00 
 0.000000e+00  1.736482e-01  0.000000e+00  9.848078e-01  0.000000e+00  0.000000e+00  0.000000e+00 
 0.000000e+00  1.822355e-01  0.000000e+00  9.832549e-01  0.000000e+00  0.000000e+00  0.000000e+00 
 0.000000e+00  1.908090e-01  0.000000e+00  9.816272e-01  0.000000e+00  0.000000e+00  0.000000e+00 
 0.000000e+00  1.993679e-01  0.000000e+00  9.799247e-01  0.000000e+00  0.000000e+00  0.000000e+00 
 0.000000e+00  2.079117e-01  0.000000e+00  9.781476e-01  0.000000e+00  0.000000e+00  0.000000e+00 
 0.000000e+00  2.164396e-01  0.000000e+00  9.762960e-01  0.000000e+00  0.000000e+00  0.000000e+00 
 0.000000e+00  2.249511e-01  0.000000e+00  9.743701e-01  0.000000e+00  0.000000e+00  0.000000e+00 
 0.000000e+00  2.334454e-01  0.000000e+00  9.723699e-01  0.000000e+00  0.000000e+00  0.000000e+00 
 0.000000e+00  2.419219e-01  0.000000e+00  9.702957e-01  0.000000e+00  0.000000e+00  0.000000e+00 
 0.000000e+00  2.503800e-01  0.000000e+00  9.681476e-01  0.000000e+00  0.000000e+00  0.000000e+00 
 0.000000e+00  2.588190e-01  0.000000e+00  9.659258e-01  0.000000e+00  0.000000e+00  0.000000e+00 
 0.000000e+00  2.672384e-01  0.000000e+00  9.636305e-01  0.000000e+00  0.000000e+00  0.000000e+00 
 0.000000e+00  2.756374e-01  0.000000e+00  9.612617e-01  0.000000e+00  0.000000e+00  0.000000e+00 
 0.000000e+00  2.840153e-01  0.000000e+00  9.588197e-01  0.000000e+00  0.000000e+00  0.000000e+00 
 0.000000e+00  2.923717e-01  0.000000e+00  9.563048e-01  0.000000e+00  0.000000e+00  0.000000e+00 
 0.000000e+00  3.007058e-01  0.000000e+00  9.537170e-01  0.000000e+00  0.000000e+00  0.000000e+00 
 0.000000e+00  3.090170e-01  0.000000e+00  9.510565e-01  0.000000e+00  0.000000e+00  0.000000e+00 
 0.000000e+00  3.173047e-01  0.000000e+00  9.483237e-01  0.000000e+00  0.000000e+00  0.000000e+00 
 0.000000e+00  3.255682e-01  0.000000e+00  9.455186e-01  0.000000e+00  0.000000e+00  0.000000e+00 
 0.000000e+00  3.338069e-01  0.000000e+00  9.426415e-01  0.000000e+00  0.000000e+00  0.000000e+00 
 0.000000e+00  3.420201e-01  0.000000e+00  9.396926e-01  0.000000e+00  0.000000e+00  0.000000e+00 
 0.000000e+00  3.502074e-01  0.000000e+00  9.366722e-01  0.000000e+00  0.000000e+00  0.000000e+00 
 0.000000e+00  3.583679e-01  0.000000e+00  9.335804e-01  0.000000e+00  0.000000e+00  0.000000e+00 
 0.000000e+00  3.665012e-01  0.000000e+00  9.304176e-01  0.000000e+00  0.000000e+00  0.000000e+00 
 0.000000e+00  3.746066e-01  0.000000e+00  9.271839e-01  0.000000e+00  0.000000e+00  0.000000e+00 
 0.000000e+00  3.826834e-01  0.000000e+00  9.238795e-01  0.000000e+00  0.000000e+00  0.000000e+00 
 0.000000e+00  3.907311e-01  0.000000e+00  9.205049e-01  0.000000e+00  0.000000e+00  0.000000e+00 
 0.000000e+00  3.987491e-01  0.000000e+00  9.170601e-01  0.000000e+00  0.000000e+00  0.000000e+00 
 0.000000e+00  4.067366e-01  0.000000e+00  9.135455e-01  0.000000e+00  0.000000e+00  0.000000e+00 
 0.000000e+00  4.146932e-01  0.000000e+00  9.099613e-01  0.000000e+00  0.000000e+00  0.000000e+00 
 0.000000e+00  4.226183e-01  0.000000e+00  9.063078e-01  0.000000e+00  0.000000e+00  0.000000e+00 
 0.000000e+00  4.305111e-01  0.000000e+00  9.025853e-01  0.000000e+00  0.000000e+00  0.000000e+00 
 0.000000e+00  4.383711e-01  0.000000e+00  8.987940e-01  0.000000e+00  0.000000e+00  0.000000e+00 
 0.000000e+00  4.461978e-01  0.000000e+00  8.949344e-01  0.000000e+00  0.000000e+00  0.000000e+00 
 0.000000e+00  4.539905e-01  0.000000e+00  8.910065e-01  0.000000e+00  0.000000e+00  0.000000e+00 
 0.000000e+00  4.617486e-01  0.000000e+00  8.870108e-01  0.000000e+00  0.000000e+00  0.000000e+00 
 0.000000e+00  4.694716e-01  0.000000e+00  8.829476e-01  0.000000e+00  0.000000e+00  0.000000e+00 
 0.000000e+00  4.771588e-01  0.000000e+00  8.788171e-01  0.000000e+00  0.000000e+00  0.000000e+00 
 0.000000e+00  4.848096e-01  0.000000e+00  8.746197e-01  0.000000e+00  0.000000e+00  0.000000e+00 
 0.000000e+00  4.924236e-01  0.000000e+00  8.703557e-01  0.000000e+00  0.000000e+00  0.000000e+00 
 0.000000e+00  5.000000e-01  0.000000e+00  8.660254e-01  0.000000e+00  0.000000e+00  0.000000e+00 
 0.000000e+00  5.075384e-01  0.000000e+00  8.616292e-01  0.000000e+00  0.000000e+00  0.000000e+00 
 0.000000e+00  5.150381e-01  0.000000e+00  8.571673e-01  0.000000e+00  0.000000e+00  0.000000e+00 
 0.000000e+00  5.224986e-01  0.000000e+00  8.526402e-01  0.000000e+00  0.000000e+00  0.000000e+00 
 0.000000e+00  5.299193e-01  0.000000e+00  8.480481e-01  0.000000e+00  0.000000e+00  0.000000e+00 
 0.000000e+00  5.372996e-01  0.000000e+00  8.433914e-01  0.000000e+00  0.000000e+00  0.000000e+00 
 0.000000e+00  5.446390e-01  0.000000e+00  8.386706e-01  0.000000e+00  0.000000e+00  0.000000e+00 
 0.000000e+00  5.519370e-01  0.000000e+00  8.338858e-01  0.000000e+00  0.000000e+00  0.000000e+00 
 0.000000e+00  5.591929e-01  0.000000e+00  8.290376e-01  0.000000e+00  0.000000e+00  0.000000e+00 
 0.000000e+00  5.664062e-01  0.000000e+00  8.241262e-01  0.000000e+00  0.000000e+00  0.000000e+00 
 0.000000e+00  5.735764e-01  0.000000e+00  8.191520e-01  0.000000e+00  0.000000e+00  0.000000e+00 
 0.000000e+00  5.807030e-01  0.000000e+00  8.141155e-01  0.000000e+00  0.000000e+00  0.000000e+00 
 0.000000e+00  5.877853e-01  0.000000e+00  8.090170e-01  0.000000e+00  0.000000e+00  0.000000e+00 
 0.000000e+00  5.948228e-01  0.000000e+00  8.038569e-01  0.000000e+00  0.000000e+00  0.000000e+00 
 0.000000e+00  6.018150e-01  0.000000e+00  7.986355e-01  0.000000e+00  0.000000e+00  0.000000e+00 
 0.000000e+00  6.087614e-01  0.000000e+00  7.933533e-01  0.000000e+00  0.000000e+00  0.000000e+00 
 0.000000e+00  6.156615e-01  0.000000e+00  7.880108e-01  0.000000e+00  0.000000e+00  0.000000e+00 
 0.000000e+00  6.225146e-01  0.000000e+00  7.826082e-01  0.000000e+00  0.000000e+00  0.000000e+00 
 0.000000e+00  6.293204e-01  0.000000e+00  7.771460e-01  0.000000e+00  0.000000e+00  0.000000e+00 
 0.000000e+00  6.360782e-01  0.000000e+00  7.716246e-01  0.000000e+00  0.000000e+00  0.000000e+00 
 0.000000e+00  6.427876e-01  0.000000e+00  7.660444e-01  0.000000e+00  0.000000e+00  0.000000e+00 
 0.000000e+00  6.494480e-01  0.000000e+00  7.604060e-01  0.000000e+00  0.000000e+00  0.000000e+00 
 0.000000e+00  6.560590e-01  0.000000e+00  7.547096e-01  0.000000e+00  0.000000e+00  0.000000e+00 
 0.000000e+00  6.626200e-01  0.000000e+00  7.489557e-01  0.000000e+00  0.000000e+00  0.000000e+00 
 0.000000e+00  6.691306e-01  0.000000e+00  7.431448e-01  0.000000e+00  0.000000e+00  0.000000e+00 
 0.000000e+00  6.755902e-01  0.000000e+00  7.372773e-01  0.000000e+00  0.000000e+00  0.000000e+00 
 0.000000e+00  6.819984e-01  0.000000e+00  7.313537e-01  0.000000e+00  0.000000e+00  0.000000e+00 
 0.000000e+00  6.883546e-01  0.000000e+00  7.253744e-01  0.000000e+00  0.000000e+00  0.000000e+00 
 0.000000e+00  6.946584e-01  0.000000e+00  7.193398e-01  0.000000e+00  0.000000e+00  0.000000e+00 
 0.000000e+00  7.009093e-01  0.000000e+00  7.132504e-01  0.000000e+00  0.000000e+00  0.000000e+00 
 0.000000e+00  7.071068e-01  0.000000e+00  7.071068e-01  0.000000e+00  0.000000e+00  0.000000e+00 
 0.000000e+00  7.132504e-01  0.000000e+00  7.009093e-01  0.000000e+00  0.000000e+00  0.000000e+00 
 0.000000e+00  7.193398e-01  0.000000e+00  6.946584e-01  0.000000e+00  0.000000e+00  0.000000e+00 
 0.000000e+00  7.253744e-01  0.000000e+00  6.883546e-01  0.000000e+00  0.000000e+00  0.000000e+00 
 0.000000e+00  7.313537e-01  0.000000e+00  6.819984e-01  0.000000e+00  0.000000e+00  0.000000e+00 
 0.000000e+00  7.372773e-01  0.000000e+00  6.755902e-01  0.000000e+00  0.000000e+00  0.000000e+00 
 0.000000e+00  7.431448e-01  0.000000e+00  6.691306e-01  0.000000e+00  0.000000e+00  0.000000e+00 
 0.000000e+00  7.489557e-01  0.000000e+00  6.626200e-01  0.000000e+00  0.000000e+00  0.000000e+00 
 0.000000e+00  7.547096e-01  0.000000e+00  6.560590e-01  0.000000e+00  0.000000e+00  0.000000e+00 
 0.000000e+00  7.604060e-01  0.000000e+00  6.494480e-01  0.000000e+00  0.000000e+00  0.000000e+00 
 0.000000e+00  7.660444e-01  0.000000e+00  6.427876e-01  0.000000e+00  0.000000e+00  0.000000e+00 
 0.000000e+00  7.716246e-01  0.000000e+00  6.360782e-01  0.000000e+00  0.000000e+00  0.000000e+00 
 0.000000e+00  7.771460e-01  0.000000e+00  6.293204e-01  0.000000e+00  0.000000e+00  0.000000e+00 
 0.000000e+00  7.826082e-01  0.000000e+00  6.225146e-01  0.000000e+00  0.000000e+00  0.000000e+00 
 0.000000e+00  7.880108e-01  0.000000e+00  6.156615e-01  0.000000e+00  0.000000e+00  0.000000e+00 
 0.000000e+00  7.933533e-01  0.000000e+00  6.087614e-01  0.000000e+00  0.000000e+00  0.000000e+00 
 0.000000e+00  7.986355e-01  0.000000e+00  6.018150e-01  0.000000e+00  0.000000e+00  0.000000e+00 
 0.000000e+00  8.038569e-01  0.000000e+00  5.948228e-01  0.000000e+00  0.000000e+00  0.000000e+00 
 0.000000e+00  8.090170e-01  0.000000e+00  5.877853e-01  0.000000e+00  0.000000e+00  0.000000e+00 
 0.000000e+00  8.141155e-01  0.000000e+00  5.807030e-01  0.000000e+00  0.000000e+00  0.000000e+00 
 0.000000e+00  8.191520e-01  0.000000e+00  5.735764e-01  0.000000e+00  0.000000e+00  0.000000e+00 
 0.000000e+00  8.241262e-01  0.000000e+00  5.664062e-01  0.000000e+00  0.000000e+00  0.000000e+00 
 0.000000e+00  8.290376e-01  0.000000e+00  5.591929e-01  0.000000e+00  0.000000e+00  0.000000e+00 
 0.000000e+00  8.338858e-01  0.000000e+00  5.519370e-01  0.000000e+00  0.000000e+00  0.000000e+00 
 0.000000e+00  8.386706e-01  0.000000e+00  5.446390e-01  0.000000e+00  0.000000e+00  0.000000e+00 
 0.000000e+00  8.433914e-01  0.000000e+00  5.372996e-01  0.000000e+00  0.000000e+00  0.000000e+00 
 0.000000e+00  8.480481e-01  0.000000e+00  5.299193e-01  0.000000e+00  0.000000e+00  0.000000e+00 
 0.000000e+00  8.526402e-01  0.000000e+00  5.224986e-01  0.000000e+00  0.000000e+00  0.000000e+00 
 0.000000e+00  8.571673e-01  0.000000e+00  5.150381e-01  0.000000e+00  0.000000e+00  0.000000e+00 
 0.000000e+00  8.616292e-01  0.000000e+00  5.075384e-01  0.000000e+00  0.000000e+00  0.000000e+00 
 0.000000e+00  8.660254e-01  0.000000e+00  5.000000e-01  0.000000e+00  0.000000e+00  0.000000e+00 
 0.000000e+00  8.703557e-01  0.000000e+00  4.924236e-01  0.000000e+00  0.000000e+00  0.000000e+00 
 0.000000e+00  8.746197e-01  0.000000e+00  4.848096e-01  0.000000e+00  0.000000e+00  0.000000e+00 
 0.000000e+00  8.788171e-01  0.000000e+00  4.771588e-01  0.000000e+00  0.000000e+00  0.000000e+00 
 0.000000e+00  8.829476e-01  0.000000e+00  4.694716e-01  0.000000e+00  0.000000e+00  0.000000e+00 
 0.000000e+00  8.870108e-01  0.000000e+00  4.617486e-01  0.000000e+00  0.000000e+00  0.000000e+00 
 0.000000e+00  8.910065e-01  0.000000e+00  4.539905e-01  0.000000e+00  0.000000e+00  0.000000e+00 
 0.000000e+00  8.949344e-01  0.000000e+00  4.461978e-01  0.000000e+00  0.000000e+00  0.000000e+00 
 0.000000e+00  8.987940e-01  0.000000e+00  4.383711e-01  0.000000e+00  0.000000e+00  0.000000e+00 
 0.000000e+00  9.025853e-01  0.000000e+00  4.305111e-01  0.000000e+00  0.000000e+00  0.000000e+00 
 0.000000e+00  9.063078e-01  0.000000e+00  4.226183e-01  0.000000e+00  0.000000e+00  0.000000e+00 
 0.000000e+00  9.099613e-01  0.000000e+00  4.146932e-01  0.000000e+00  0.000000e+00  0.000000e+00 
 0.000000e+00  9.135455e-01  0.000000e+00  4.067366e-01  0.000000e+00  0.000000e+00  0.000000e+00 
 0.000000e+00  9.170601e-01  0.000000e+00  3.987491e-01  0.000000e+00  0.000000e+00  0.000000e+00 
 0.000000e+00  9.205049e-01  0.000000e+00  3.907311e-01  0.000000e+00  0.000000e+00  0.000000e+00 
 0.000000e+00  9.238795e-01  0.000000e+00  3.826834e-01  0.000000e+00  0.000000e+00  0.000000e+00 
 0.000000e+00  9.271839e-01  0.000000e+00  3.746066e-01  0.000000e+00  0.000000e+00  0.000000e+00 
 0.000000e+00  9.304176e-01  0.000000e+00  3.665012e-01  0.000000e+00  0.000000e+00  0.000000e+00 
 0.000000e+00  9.335804e-01  0.000000e+00  3.583679e-01  0.000000e+00  0.000000e+00  0.000000e+00 
 0.000000e+00  9.366722e-01  0.000000e+00  3.502074e-01  0.000000e+00  0.000000e+00  0.000000e+00 
 0.000000e+00  9.396926e-01  0.000000e+00  3.420201e-01  0.000000e+00  0.000000e+00  0.000000e+00 
 0.000000e+00  9.426415e-01  0.000000e+00  3.338069e-01  0.000000e+00  0.000000e+00  0.000000e+00 
 0.000000e+00  9.455186e-01  0.000000e+00  3.255682e-01  0.000000e+00  0.000000e+00  0.000000e+00 
 0.000000e+00  9.483237e-01  0.000000e+00  3.173047e-01  0.000000e+00  0.000000e+00  0.000000e+00 
 0.000000e+00  9.510565e-01  0.000000e+00  3.090170e-01  0.000000e+00  0.000000e+00  0.000000e+00 
 0.000000e+00  9.537170e-01  0.000000e+00  3.007058e-01  0.000000e+00  0.000000e+00  0.000000e+00 
 0.000000e+00  9.563048e-01  0.000000e+00  2.923717e-01  0.000000e+00  0.000000e+00  0.000000e+00 
 0.000000e+00  9.588197e-01  0.000000e+00  2.840153e-01  0.000000e+00  0.000000e+00  0.000000e+00 
 0.000000e+00  9.612617e-01  0.000000e+00  2.756374e-01  0.000000e+00  0.000000e+00  0.000000e+00 
 0.000000e+00  9.636305e-01  0.000000e+00  2.672384e-01  0.000000e+00  0.000000e+00  0.000000e+00 
 0.000000e+00  9.659258e-01  0.000000e+00  2.588190e-01  0.000000e+00  0.000000e+00  0.000000e+00 
 0.000000e+00  9.681476e-01  0.000000e+00  2.503800e-01  0.000000e+00  0.000000e+00  0.000000e+00 
 0.000000e+00  9.702957e-01  0.000000e+00  2.419219e-01  0.000000e+00  0.000000e+00  0.000000e+00 
 0.000000e+00  9.723699e-01  0.000000e+00  2.334454e-01  0.000000e+00  0.000000e+00  0.000000e+00 
 0.000000e+00  9.743701e-01  0.000000e+00  2.249511e-01  0.000000e+00  0.000000e+00  0.000000e+00 
 0.000000e+00  9.762960e-01  0.000000e+00  2.164396e-01  0.000000e+00  0.000000e+00  0.000000e+00 
 0.000000e+00  9.781476e-01  0.000000e+00  2.079117e-01  0.000000e+00  0.000000e+00  0.000000e+00 
 0.000000e+00  9.799247e-01  0.000000e+00  1.993679e-01  0.000000e+00  0.000000e+00  0.000000e+00 
 0.000000e+00  9.816272e-01  0.000000e+00  1.908090e-01  0.000000e+00  0.000000e+00  0.000000e+00 
 0.000000e+00  9.832549e-01  0.000000e+00  1.822355e-01  0.000000e+00  0.000000e+00  0.000000e+00 
 0.000000e+00  9.848078e-01  0.000000e+00  1.736482e-01  0.000000e+00  0.000000e+00  0.000000e+00 
 0.000000e+00  9.862856e-01  0.000000e+00  1.650476e-01  0.000000e+00  0.000000e+00  0.000000e+00 
 0.000000e+00  9.876883e-01  0.000000e+00  1.564345e-01  0.000000e+00  0.000000e+00  0.000000e+00 
 0.000000e+00  9.890159e-01  0.000000e+00  1.478094e-01  0.000000e+00  0.000000e+00  0.000000e+00 
 0.000000e+00  9.902681e-01  0.000000e+00  1.391731e-01  0.000000e+00  0.000000e+00  0.000000e+00 
 0.000000e+00  9.914449e-01  0.000000e+00  1.305262e-01  0.000000e+00  0.000000e+00  0.000000e+00 
 0.000000e+00  9.925462e-01  0.000000e+00  1.218693e-01  0.000000e+00  0.000000e+00  0.000000e+00 
 0.000000e+00  9.935719e-01  0.000000e+00  1.132032e-01  0.000000e+00  0.000000e+00  0.000000e+00 
 0.000000e+00  9.945219e-01  0.000000e+00  1.045285e-01  0.000000e+00  0.000000e+00  0.000000e+00 
 0.000000e+00  9.953962e-01  0.000000e+00  9.584575e-02  0.000000e+00  0.000000e+00  0.000000e+00 
 0.000000e+00  9.961947e-01  0.000000e+00  8.715574e-02  0.000000e+00  0.000000e+00  0.000000e+00 
 0.000000e+00  9.969173e-01  0.000000e+00  7.845910e-02  0.000000e+00  0.000000e+00  0.000000e+00 
 0.000000e+00  9.975641e-01  0.000000e+00  6.975647e-02  0.000000e+00  0.000000e+00  0.000000e+00 
 0.000000e+00  9.981348e-01  0.000000e+00  6.104854e-02  0.000000e+00  0.000000e+00  0.000000e+00 
 0.000000e+00  9.986295e-01  0.000000e+00  5.233596e-02  0.000000e+00  0.000000e+00  0.000000e+00 
 0.000000e+00  9.990482e-01  0.000000e+00  4.361939e-02  0.000000e+00  0.000000e+00  0.000000e+00 
 0.000000e+00  9.993908e-01  0.000000e+00  3.489950e-02  0.000000e+00  0.000000e+00  0.000000e+00 
 0.000000e+00  9.996573e-01  0.000000e+00  2.617695e-02  0.000000e+00  0.000000e+00  0.000000e+00 
 0.000000e+00  9.998477e-01  0.000000e+00  1.745241e-02  0.000000e+00  0.000000e+00  0.000000e+00 
 0.000000e+00  9.999619e-01  0.000000e+00  8.726535e-03  0.000000e+00  0.000000e+00  0.000000e+00 
 0.000000e+00  1.000000e+00  0.000000e+00 -4.232942e-15  0.000000e+00  0.000000e+00  0.000000e+00 
 0.000000e+00  9.999619e-01  0.000000e+00 -8.726535e-03  0.000000e+00  0.000000e+00  0.000000e+00 
 0.000000e+00  9.998477e-01  0.000000e+00 -1.745241e-02  0.000000e+00  0.000000e+00  0.000000e+00 
 0.000000e+00  9.996573e-01  0.000000e+00 -2.617695e-02  0.000000e+00  0.000000e+00  0.000000e+00 
 0.000000e+00  9.993908e-01  0.000000e+00 -3.489950e-02  0.000000e+00  0.000000e+00  0.000000e+00 
 0.000000e+00  9.990482e-01  0.000000e+00 -4.361939e-02  0.000000e+00  0.000000e+00  0.000000e+00 
 0.000000e+00  9.986295e-01  0.000000e+00 -5.233596e-02  0.000000e+00  0.000000e+00  0.000000e+00 
 0.000000e+00  9.981348e-01  0.000000e+00 -6.104854e-02  0.000000e+00  0.000000e+00  0.000000e+00 
 0.000000e+00  9.975641e-01  0.000000e+00 -6.975647e-02  0.000000e+00  0.000000e+00  0.000000e+00 
 0.000000e+00  9.969173e-01  0.000000e+00 -7.845910e-02  0.000000e+00  0.000000e+00  0.000000e+00 
 0.000000e+00  9.961947e-01  0.000000e+00 -8.715574e-02  0.000000e+00  0.000000e+00  0.000000e+00 
 0.000000e+00  9.953962e-01  0.000000e+00 -9.584575e-02  0.000000e+00  0.000000e+00  0.000000e+00 
 0.000000e+00  9.945219e-01  0.000000e+00 -1.045285e-01  0.000000e+00  0.000000e+00  0.000000e+00 
 0.000000e+00  9.935719e-01  0.000000e+00 -1.132032e-01  0.000000e+00  0.000000e+00  0.000000e+00 
 0.000000e+00  9.925462e-01  0.000000e+00 -1.218693e-01  0.000000e+00  0.000000e+00  0.000000e+00 
 0.000000e+00  9.914449e-01  0.000000e+00 -1.305262e-01  0.000000e+00  0.000000e+00  0.000000e+00 
 0.000000e+00  9.902681e-01  0.000000e+00 -1.391731e-01  0.000000e+00  0.000000e+00  0.000000e+00 
 0.000000e+00  9.890159e-01  0.000000e+00 -1.478094e-01  0.000000e+00  0.000000e+00  0.000000e+00 
 0.000000e+00  9.876883e-01  0.000000e+00 -1.564345e-01  0.000000e+00  0.000000e+00  0.000000e+00 
 0.000000e+00  9.862856e-01  0.000000e+00 -1.650476e-01  0.000000e+00  0.000000e+00  0.000000e+00 
 0.000000e+00  9.848078e-01  0.000000e+00 -1.736482e-01  0.000000e+00  0.000000e+00  0.000000e+00 
 0.000000e+00  9.832549e-01  0.000000e+00 -1.822355e-01  0.000000e+00  0.000000e+00  0.000000e+00 
 0.000000e+00  9.816272e-01  0.000000e+00 -1.908090e-01  0.000000e+00  0.000000e+00  0.000000e+00 
 0.000000e+00  9.799247e-01  0.000000e+00 -1.993679e-01  0.000000e+00  0.000000e+00  0.000000e+00 
 0.000000e+00  9.781476e-01  0.000000e+00 -2.079117e-01  0.000000e+00  0.000000e+00  0.000000e+00 
 0.000000e+00  9.762960e-01  0.000000e+00 -2.164396e-01  0.000000e+00  0.000000e+00  0.000000e+00 
 0.000000e+00  9.743701e-01  0.000000e+00 -2.249511e-01  0.000000e+00  0.000000e+00  0.000000e+00 
 0.000000e+00  9.723699e-01  0.000000e+00 -2.334454e-01  0.000000e+00  0.000000e+00  0.000000e+00 
 0.000000e+00  9.702957e-01  0.000000e+00 -2.419219e-01  0.000000e+00  0.000000e+00  0.000000e+00 
 0.000000e+00  9.681476e-01  0.000000e+00 -2.503800e-01  0.000000e+00  0.000000e+00  0.000000e+00 
 0.000000e+00  9.659258e-01  0.000000e+00 -2.588190e-01  0.000000e+00  0.000000e+00  0.000000e+00 
 0.000000e+00  9.636305e-01  0.000000e+00 -2.672384e-01  0.000000e+00  0.000000e+00  0.000000e+00 
 0.000000e+00  9.612617e-01  0.000000e+00 -2.756374e-01  0.000000e+00  0.000000e+00  0.000000e+00 
 0.000000e+00  9.588197e-01  0.000000e+00 -2.840153e-01  0.000000e+00  0.000000e+00  0.000000e+00 
 0.000000e+00  9.563048e-01  0.000000e+00 -2.923717e-01  0.000000e+00  0.000000e+00  0.000000e+00 
 0.000000e+00  9.537170e-01  0.000000e+00 -3.007058e-01  0.000000e+00  0.000000e+00  0.000000e+00 
 0.000000e+00  9.510565e-01  0.000000e+00 -3.090170e-01  0.000000e+00  0.000000e+00  0.000000e+00 
 0.000000e+00  9.483237e-01  0.000000e+00 -3.173047e-01  0.000000e+00  0.000000e+00  0.000000e+00 
 0.000000e+00  9.455186e-01  0.000000e+00 -3.255682e-01  0.000000e+00  0.000000e+00  0.000000e+00 
 0.000000e+00  9.426415e-01  0.000000e+00 -3.338069e-01  0.000000e+00  0.000000e+00  0.000000e+00 
 0.000000e+00  9.396926e-01  0.000000e+00 -3.420201e-01  0.000000e+00  0.000000e+00  0.000000e+00 
 0.000000e+00  9.366722e-01  0.000000e+00 -3.502074e-01  0.000000e+00  0.000000e+00  0.000000e+00 
 0.000000e+00  9.335804e-01  0.000000e+00 -3.583679e-01  0.000000e+00  0.000000e+00  0.000000e+00 
 0.000000e+00  9.304176e-01  0.000000e+00 -3.665012e-01  0.000000e+00  0.000000e+00  0.000000e+00 
 0.000000e+00  9.271839e-01  0.000000e+00 -3.746066e-01  0.000000e+00  0.000000e+00  0.000000e+00 
 0.000000e+00  9.238795e-01  0.000000e+00 -3.826834e-01  0.000000e+00  0.000000e+00  0.000000e+00 
 0.000000e+00  9.205049e-01  0.000000e+00 -3.907311e-01  0.000000e+00  0.000000e+00  0.000000e+00 
 0.000000e+00  9.170601e-01  0.000000e+00 -3.987491e-01  0.000000e+00  0.000000e+00  0.000000e+00 
 0.000000e+00  9.135455e-01  0.000000e+00 -4.067366e-01  0.000000e+00  0.000000e+00  0.000000e+00 
 0.000000e+00  9.099613e-01  0.000000e+00 -4.146932e-01  0.000000e+00  0.000000e+00  0.000000e+00 
 0.000000e+00  9.063078e-01  0.000000e+00 -4.226183e-01  0.000000e+00  0.000000e+00  0.000000e+00 
 0.000000e+00  9.025853e-01  0.000000e+00 -4.305111e-01  0.000000e+00  0.000000e+00  0.000000e+00 
 0.000000e+00  8.987940e-01  0.000000e+00 -4.383711e-01  0.000000e+00  0.000000e+00  0.000000e+00 
 0.000000e+00  8.949344e-01  0.000000e+00 -4.461978e-01  0.000000e+00  0.000000e+00  0.000000e+00 
 0.000000e+00  8.910065e-01  0.000000e+00 -4.539905e-01  0.000000e+00  0.000000e+00  0.000000e+00 
 0.000000e+00  8.870108e-01  0.000000e+00 -4.617486e-01  0.000000e+00  0.000000e+00  0.000000e+00 
 0.000000e+00  8.829476e-01  0.000000e+00 -4.694716e-01  0.000000e+00  0.000000e+00  0.000000e+00 
 0.000000e+00  8.788171e-01  0.000000e+00 -4.771588e-01  0.000000e+00  0.000000e+00  0.000000e+00 
 0.000000e+00  8.746197e-01  0.000000e+00 -4.848096e-01  0.000000e+00  0.000000e+00  0.000000e+00 
 0.000000e+00  8.703557e-01  0.000000e+00 -4.924236e-01  0.000000e+00  0.000000e+00  0.000000e+00 
 0.000000e+00  8.660254e-01  0.000000e+00 -5.000000e-01  0.000000e+00  0.000000e+00  0.000000e+00 
 0.000000e+00  8.616292e-01  0.000000e+00 -5.075384e-01  0.000000e+00  0.000000e+00  0.000000e+00 
 0.000000e+00  8.571673e-01  0.000000e+00 -5.150381e-01  0.000000e+00  0.000000e+00  0.000000e+00 
 0.000000e+00  8.526402e-01  0.000000e+00 -5.224986e-01  0.000000e+00  0.000000e+00  0.000000e+00 
 0.000000e+00  8.480481e-01  0.000000e+00 -5.299193e-01  0.000000e+00  0.000000e+00  0.000000e+00 
 0.000000e+00  8.433914e-01  0.000000e+00 -5.372996e-01  0.000000e+00  0.000000e+00  0.000000e+00 
 0.000000e+00  8.386706e-01  0.000000e+00 -5.446390e-01  0.000000e+00  0.000000e+00  0.000000e+00 
 0.000000e+00  8.338858e-01  0.000000e+00 -5.519370e-01  0.000000e+00  0.000000e+00  0.000000e+00 
 0.000000e+00  8.290376e-01  0.000000e+00 -5.591929e-01  0.000000e+00  0.000000e+00  0.000000e+00 
 0.000000e+00  8.241262e-01  0.000000e+00 -5.664062e-01  0.000000e+00  0.000000e+00  0.000000e+00 
 0.000000e+00  8.191520e-01  0.000000e+00 -5.735764e-01  0.000000e+00  0.000000e+00  0.000000e+00 
 0.000000e+00  8.141155e-01  0.000000e+00 -5.807030e-01  0.000000e+00  0.000000e+00  0.000000e+00 
 0.000000e+00  8.090170e-01  0.000000e+00 -5.877853e-01  0.000000e+00  0.000000e+00  0.000000e+00 
 0.000000e+00  8.038569e-01  0.000000e+00 -5.948228e-01  0.000000e+00  0.000000e+00  0.000000e+00 
 0.000000e+00  7.986355e-01  0.000000e+00 -6.018150e-01  0.000000e+00  0.000000e+00  0.000000e+00 
 0.000000e+00  7.933533e-01  0.000000e+00 -6.087614e-01  0.000000e+00  0.000000e+00  0.000000e+00 
 0.000000e+00  7.880108e-01  0.000000e+00 -6.156615e-01  0.000000e+00  0.000000e+00  0.000000e+00 
 0.000000e+00  7.826082e-01  0.000000e+00 -6.225146e-01  0.000000e+00  0.000000e+00  0.000000e+00 
 0.000000e+00  7.771460e-01  0.000000e+00 -6.293204e-01  0.000000e+00  0.000000e+00  0.000000e+00 
 0.000000e+00  7.716246e-01  0.000000e+00 -6.360782e-01  0.000000e+00  0.000000e+00  0.000000e+00 
 0.000000e+00  7.660444e-01  0.000000e+00 -6.427876e-01  0.000000e+00  0.000000e+00  0.000000e+00 
 0.000000e+00  7.604060e-01  0.000000e+00 -6.494480e-01  0.000000e+00  0.000000e+00  0.000000e+00 
 0.000000e+00  7.547096e-01  0.000000e+00 -6.560590e-01  0.000000e+00  0.000000e+00  0.000000e+00 
 0.000000e+00  7.489557e-01  0.000000e+00 -6.626200e-01  0.000000e+00  0.000000e+00  0.000000e+00 
 0.000000e+00  7.431448e-01  0.000000e+00 -6.691306e-01  0.000000e+00  0.000000e+00  0.000000e+00 
 0.000000e+00  7.372773e-01  0.000000e+00 -6.755902e-01  0.000000e+00  0.000000e+00  0.000000e+00 
 0.000000e+00  7.313537e-01  0.000000e+00 -6.819984e-01  0.000000e+00  0.000000e+00  0.000000e+00 
 0.000000e+00  7.253744e-01  0.000000e+00 -6.883546e-01  0.000000e+00  0.000000e+00  0.000000e+00 
 0.000000e+00  7.193398e-01  0.000000e+00 -6.946584e-01  0.000000e+00  0.000000e+00  0.000000e+00 
 0.000000e+00  7.132504e-01  0.000000e+00 -7.009093e-01  0.000000e+00  0.000000e+00  0.000000e+00 
 0.000000e+00  7.071068e-01  0.000000e+00 -7.071068e-01  0.000000e+00  0.000000e+00  0.000000e+00 
 0.000000e+00  7.009093e-01  0.000000e+00 -7.132504e-01  0.000000e+00  0.000000e+00  0.000000e+00 
 0.000000e+00  6.946584e-01  0.000000e+00 -7.193398e-01  0.000000e+00  0.000000e+00  0.000000e+00 
 0.000000e+00  6.883546e-01  0.000000e+00 -7.253744e-01  0.000000e+00  0.000000e+00  0.000000e+00 
 0.000000e+00  6.819984e-01  0.000000e+00 -7.313537e-01  0.000000e+00  0.000000e+00  0.000000e+00 
 0.000000e+00  6.755902e-01  0.000000e+00 -7.372773e-01  0.000000e+00  0.000000e+00  0.000000e+00 
 0.000000e+00  6.691306e-01  0.000000e+00 -7.431448e-01  0.000000e+00  0.000000e+00  0.000000e+00 
 0.000000e+00  6.626200e-01  0.000000e+00 -7.489557e-01  0.000000e+00  0.000000e+00  0.000000e+00 
 0.000000e+00  6.560590e-01  0.000000e+00 -7.547096e-01  0.000000e+00  0.000000e+00  0.000000e+00 
 0.000000e+00  6.494480e-01  0.000000e+00 -7.604060e-01  0.000000e+00  0.000000e+00  0.000000e+00 
 0.000000e+00  6.427876e-01  0.000000e+00 -7.660444e-01  0.000000e+00  0.000000e+00  0.000000e+00 
 0.000000e+00  6.360782e-01  0.000000e+00 -7.716246e-01  0.000000e+00  0.000000e+00  0.000000e+00 
 0.000000e+00  6.293204e-01  0.000000e+00 -7.771460e-01  0.000000e+00  0.000000e+00  0.000000e+00 
 0.000000e+00  6.225146e-01  0.000000e+00 -7.826082e-01  0.000000e+00  0.000000e+00  0.000000e+00 
 0.000000e+00  6.156615e-01  0.000000e+00 -7.880108e-01  0.000000e+00  0.000000e+00  0.000000e+00 
 0.000000e+00  6.087614e-01  0.000000e+00 -7.933533e-01  0.000000e+00  0.000000e+00  0.000000e+00 
 0.000000e+00  6.018150e-01  0.000000e+00 -7.986355e-01  0.000000e+00  0.000000e+00  0.000000e+00 
 0.000000e+00  5.948228e-01  0.000000e+00 -8.038569e-01  0.000000e+00  0.000000e+00  0.000000e+00 
 0.000000e+00  5.877853e-01  0.000000e+00 -8.090170e-01  0.000000e+00  0.000000e+00  0.000000e+00 
 0.000000e+00  5.807030e-01  0.000000e+00 -8.141155e-01  0.000000e+00  0.000000e+00  0.000000e+00 
 0.000000e+00  5.735764e-01  0.000000e+00 -8.191520e-01  0.000000e+00  0.000000e+00  0.000000e+00 
 0.000000e+00  5.664062e-01  0.000000e+00 -8.241262e-01  0.000000e+00  0.000000e+00  0.000000e+00 
 0.000000e+00  5.591929e-01  0.000000e+00 -8.290376e-01  0.000000e+00  0.000000e+00  0.000000e+00 
 0.000000e+00  5.519370e-01  0.000000e+00 -8.338858e-01  0.000000e+00  0.000000e+00  0.000000e+00 
 0.000000e+00  5.446390e-01  0.000000e+00 -8.386706e-01  0.000000e+00  0.000000e+00  0.000000e+00 
 0.000000e+00  5.372996e-01  0.000000e+00 -8.433914e-01  0.000000e+00  0.000000e+00  0.000000e+00 
 0.000000e+00  5.299193e-01  0.000000e+00 -8.480481e-01  0.000000e+00  0.000000e+00  0.000000e+00 
 0.000000e+00  5.224986e-01  0.000000e+00 -8.526402e-01  0.000000e+00  0.000000e+00  0.000000e+00 
 0.000000e+00  5.150381e-01  0.000000e+00 -8.571673e-01  0.000000e+00  0.000000e+00  0.000000e+00 
 0.000000e+00  5.075384e-01  0.000000e+00 -8.616292e-01  0.000000e+00  0.000000e+00  0.000000e+00 
 0.000000e+00  5.000000e-01  0.000000e+00 -8.660254e-01  0.000000e+00  0.000000e+00  0.000000e+00 
 0.000000e+00  4.924236e-01  0.000000e+00 -8.703557e-01  0.000000e+00  0.000000e+00  0.000000e+00 
 0.000000e+00  4.848096e-01  0.000000e+00 -8.746197e-01  0.000000e+00  0.000000e+00  0.000000e+00 
 0.000000e+00  4.771588e-01  0.000000e+00 -8.788171e-01  0.000000e+00  0.000000e+00  0.000000e+00 
 0.000000e+00  4.694716e-01  0.000000e+00 -8.829476e-01  0.000000e+00  0.000000e+00  0.000000e+00 
 0.000000e+00  4.617486e-01  0.000000e+00 -8.870108e-01  0.000000e+00  0.000000e+00  0.000000e+00 
 0.000000e+00  4.539905e-01  0.000000e+00 -8.910065e-01  0.000000e+00  0.000000e+00  0.000000e+00 
 0.000000e+00  4.461978e-01  0.000000e+00 -8.949344e-01  0.000000e+00  0.000000e+00  0.000000e+00 
 0.000000e+00  4.383711e-01  0.000000e+00 -8.987940e-01  0.000000e+00  0.000000e+00  0.000000e+00 
 0.000000e+00  4.305111e-01  0.000000e+00 -9.025853e-01  0.000000e+00  0.000000e+00  0.000000e+00 
 0.000000e+00  4.226183e-01  0.000000e+00 -9.063078e-01  0.000000e+00  0.000000e+00  0.000000e+00 
 0.000000e+00  4.146932e-01  0.000000e+00 -9.099613e-01  0.000000e+00  0.000000e+00  0.000000e+00 
 0.000000e+00  4.067366e-01  0.000000e+00 -9.135455e-01  0.000000e+00  0.000000e+00  0.000000e+00 
 0.000000e+00  3.987491e-01  0.000000e+00 -9.170601e-01  0.000000e+00  0.000000e+00  0.000000e+00 
 0.000000e+00  3.907311e-01  0.000000e+00 -9.205049e-01  0.000000e+00  0.000000e+00  0.000000e+00 
 0.000000e+00  3.826834e-01  0.000000e+00 -9.238795e-01  0.000000e+00  0.000000e+00  0.000000e+00 
 0.000000e+00  3.746066e-01  0.000000e+00 -9.271839e-01  0.000000e+00  0.000000e+00  0.000000e+00 
 0.000000e+00  3.665012e-01  0.000000e+00 -9.304176e-01  0.000000e+00  0.000000e+00  0.000000e+00 
 0.000000e+00  3.583679e-01  0.000000e+00 -9.335804e-01  0.000000e+00  0.000000e+00  0.000000e+00 
 0.000000e+00  3.502074e-01  0.000000e+00 -9.366722e-01  0.000000e+00  0.000000e+00  0.000000e+00 
 0.000000e+00  3.420201e-01  0.000000e+00 -9.396926e-01  0.000000e+00  0.000000e+00  0.000000e+00 
 0.000000e+00  3.338069e-01  0.000000e+00 -9.426415e-01  0.000000e+00  0.000000e+00  0.000000e+00 
 0.000000e+00  3.255682e-01  0.000000e+00 -9.455186e-01  0.000000e+00  0.000000e+00  0.000000e+00 
 0.000000e+00  3.173047e-01  0.000000e+00 -9.483237e-01  0.000000e+00  0.000000e+00  0.000000e+00 
